1	0
2	0
2	1
3	0
3	2
5	0
5	1
5	4
6	1
6	2
6	3
6	5
7	6
8	2
8	3
9	5
10	8
10	9
11	6
11	7
11	10
12	6
12	7
12	8
12	10
12	11
13	7
13	10
13	11
13	12
14	11
14	12
15	0
15	10
15	11
15	12
15	13
15	14
16	8
16	11
16	14
16	15
17	15
17	16
18	15
18	16
18	17
19	15
19	16
19	17
20	13
20	16
20	17
20	19
21	9
21	14
21	15
21	16
21	18
21	20
22	6
22	19
22	21
23	5
23	9
23	11
23	18
23	19
24	8
24	11
24	20
24	21
24	23
25	4
25	20
25	22
25	23
25	24
26	1
26	22
26	25
27	12
27	20
28	9
28	15
28	22
28	27
29	3
29	22
29	26
29	27
29	28
30	25
30	26
30	28
30	29
31	26
31	30
32	7
32	27
32	29
32	30
32	31
33	22
33	28
33	29
33	30
33	32
34	7
34	18
34	33
35	11
35	34
36	1
36	3
36	32
37	27
37	33
37	34
37	36
38	22
38	23
38	32
38	36
38	37
39	33
39	36
39	37
39	38
40	8
40	11
40	30
40	35
40	38
40	39
41	35
41	39
41	40
42	12
42	21
42	37
42	38
43	8
43	13
43	40
43	41
43	42
44	10
44	14
44	26
44	29
44	41
44	43
45	14
45	38
45	41
45	43
46	37
46	40
46	41
46	42
46	43
46	44
47	1
47	9
47	18
47	31
47	40
47	45
47	46
48	22
48	29
48	44
48	47
49	11
49	28
49	34
49	46
49	47
49	48
50	5
50	31
50	47
50	49
51	31
51	39
51	40
51	41
52	6
52	11
52	45
52	49
52	51
53	42
53	45
53	47
53	48
53	49
53	52
54	24
54	49
54	50
54	53
55	7
55	27
55	49
55	50
55	52
55	54
56	26
56	50
56	52
56	54
56	55
57	7
57	22
57	50
57	54
57	55
57	56
58	8
58	17
58	39
58	45
58	51
58	57
59	17
59	22
59	31
59	36
59	38
60	7
60	39
60	45
60	50
60	53
60	54
60	55
61	2
61	6
61	14
61	17
61	23
61	55
61	56
61	60
62	0
62	44
62	57
62	58
62	61
63	8
63	11
63	19
63	48
63	57
63	59
63	62
64	13
64	28
64	35
64	43
64	63
65	11
65	13
65	40
65	58
65	64
66	23
66	33
66	46
66	62
67	0
67	63
67	64
67	65
67	66
68	43
68	44
68	62
68	63
68	66
69	3
69	10
69	32
69	37
69	61
69	66
69	67
70	2
70	51
70	54
70	65
70	66
70	68
70	69
71	3
71	65
71	66
71	67
71	69
71	70
72	1
72	49
72	54
72	64
72	69
72	71
73	9
73	35
73	48
73	67
73	68
73	69
73	72
74	51
74	62
74	64
74	71
74	72
74	73
75	2
75	19
75	47
75	62
75	70
75	72
75	73
76	10
76	19
76	20
76	32
76	56
76	71
76	73
76	74
76	75
77	5
77	34
77	73
77	74
77	75
77	76
78	2
78	5
78	27
78	33
78	72
78	75
79	25
79	59
79	72
79	74
80	7
80	13
80	16
80	31
80	36
80	70
80	75
80	76
80	78
81	21
81	35
81	36
81	39
81	44
81	48
81	69
81	77
81	79
81	80
82	17
82	27
82	48
82	79
82	81
83	1
83	4
83	39
83	50
83	63
83	77
83	78
84	26
84	27
84	29
84	31
84	79
84	82
84	83
85	3
85	4
85	11
85	14
85	57
85	59
85	64
85	82
85	84
86	7
86	18
86	33
86	82
86	83
87	17
87	22
87	37
87	50
87	58
87	82
87	85
87	86
88	13
88	21
88	33
88	59
88	68
88	79
88	86
88	87
89	45
89	73
89	74
89	86
90	5
90	41
90	74
90	86
90	87
90	89
91	44
91	46
91	64
91	81
91	88
91	89
91	90
92	20
92	47
92	54
92	56
92	87
92	89
93	50
93	55
93	75
93	84
93	85
93	88
94	0
94	4
94	27
94	30
94	50
94	87
94	91
94	92
94	93
95	2
95	5
95	14
95	59
95	78
95	89
95	92
95	94
96	12
96	13
96	14
96	15
96	16
97	35
97	45
97	60
97	73
97	88
97	89
97	90
97	93
98	0
98	4
98	25
98	41
98	47
98	59
98	67
98	87
98	90
98	91
98	97
99	1
99	4
99	5
99	44
99	49
99	66
99	76
99	91
99	97
