100
0	3	67	86	98
1	3	9	20	58
2	5	16	30	56	88	97
3	1	45
4	3	32	40	84
5	2	37	55
6	3	40	85	88
7	5	4	27	36	40	91
8	2	35	80
9	3	34	37	98
10	3	42	85	99
11	4	24	29	33	93
12	1	59
13	3	17	35	72
14	4	3	10	51	98
15	3	44	49	78
16	2	34	58
17	1	6
18	3	39	73	95
19	4	28	57	71	97
20	1	23
21	4	52	58	65	93
22	1	5
23	1	38
24	2	14	23
25	2	40	55
26	2	30	90
27	2	21	95
28	5	30	40	41	55	82
29	5	3	19	37	51	85
30	4	0	12	55	56
31	1	73
32	5	13	21	29	75	79
33	5	8	15	30	49	50
34	1	22
35	1	67
36	5	1	4	48	54	73
37	1	40
38	1	50
39	2	42	61
40	2	11	33
41	5	21	25	26	52	69
42	4	23	41	42	90
43	3	8	74	91
44	3	0	11	88
45	3	31	55	72
46	1	13
47	5	23	24	58	94	98
48	4	22	58	62	71
49	4	20	52	68	88
50	5	1	29	47	49	61
51	3	17	52	93
52	5	2	3	22	42	89
53	2	41	74
54	3	0	11	52
55	4	1	43	53	64
56	5	8	58	72	84	91
57	1	57
58	2	9	86
59	4	8	27	63	89
60	2	3	57
61	2	8	84
62	3	35	59	85
63	2	52	85
64	3	38	41	74
65	4	14	52	61	65
66	1	52
67	1	2
68	5	23	42	44	61	77
69	4	13	66	87	92
70	4	9	12	64	94
71	4	47	55	86	97
72	4	25	47	81	91
73	3	26	58	99
74	2	39	78
75	5	41	50	80	82	87
76	2	45	83
77	1	8
78	4	6	11	29	98
79	3	3	79	89
80	1	44
81	5	11	49	76	88	96
82	3	48	75	99
83	2	52	92
84	4	19	20	57	64
85	2	43	77
86	4	7	22	58	87
87	5	16	26	71	73	81
88	3	11	25	49
89	4	31	49	52	69
90	4	34	35	50	77
91	1	46
92	2	33	53
93	4	0	37	52	96
94	5	7	29	30	70	92
95	5	26	56	66	75	99
96	2	25	60
97	1	7
98	5	6	14	20	51	80
99	4	41	66	80	83
