1000
0	1	481
1	5	54	185	625	864	936
2	4	196	718	719	811
3	8	28	228	784	788	888	966	967	973
4	6	54	228	269	404	745	890
5	7	5	160	253	276	343	585	701
6	1	732
7	7	215	451	480	535	752	893	921
8	7	95	212	296	340	584	586	901
9	7	174	185	265	518	647	664	689
10	4	72	238	409	831
11	7	24	95	498	517	594	677	878
12	8	46	195	218	622	701	702	755	924
13	7	141	308	333	338	352	466	980
14	8	94	213	228	318	329	517	708	903
15	1	612
16	6	277	420	440	524	855	881
17	7	400	574	612	665	760	840	975
18	3	677	795	892
19	4	259	773	788	929
20	7	342	491	555	604	664	871	943
21	7	125	245	354	379	538	601	671
22	2	277	778
23	2	192	308
24	4	117	480	822	835
25	4	143	312	370	987
26	6	86	334	391	660	720	911
27	8	38	265	430	477	642	814	844	953
28	1	179
29	4	28	82	466	755
30	5	390	406	484	537	691
31	7	32	129	137	199	311	327	882
32	1	568
33	3	180	303	401
34	1	657
35	2	496	928
36	1	180
37	4	590	845	895	935
38	5	276	434	447	511	982
39	7	120	266	513	534	724	736	833
40	7	121	139	193	220	398	638	985
41	5	116	638	726	750	785
42	2	63	750
43	8	149	270	281	364	378	385	398	803
44	8	112	231	267	435	561	604	619	939
45	5	134	595	651	743	864
46	1	475
47	8	207	357	411	641	681	808	888	979
48	6	37	124	131	323	459	509
49	2	656	837
50	1	481
51	5	663	678	712	895	986
52	5	64	153	384	474	557
53	1	611
54	8	2	65	177	248	457	534	686	690
55	2	102	827
56	4	340	385	450	933
57	6	115	768	826	921	956	962
58	4	142	471	844	923
59	6	380	480	589	690	727	877
60	1	446
61	8	194	209	426	437	603	727	746	781
62	5	19	417	675	869	961
63	4	157	454	774	791
64	2	467	611
65	8	84	121	148	162	255	629	655	656
66	4	25	26	238	455
67	8	13	247	266	552	897	904	979	987
68	5	302	422	688	868	884
69	1	338
70	8	85	177	341	527	581	680	773	947
71	5	169	201	333	456	871
72	5	102	129	269	659	724
73	7	8	31	233	313	470	474	827
74	6	70	432	489	709	745	909
75	8	124	385	443	510	668	697	882	941
76	2	582	983
77	8	114	278	369	376	479	536	810	886
78	2	342	884
79	2	155	965
80	1	4
81	6	230	248	591	743	759	971
82	4	168	337	596	911
83	6	55	156	348	511	871	899
84	4	170	633	771	921
85	7	185	210	600	686	825	859	943
86	2	660	816
87	4	200	523	700	815
88	3	346	584	752
89	5	144	275	636	686	693
90	6	3	146	199	512	788	978
91	4	118	205	455	724
92	6	27	297	502	739	883	957
93	5	462	527	712	751	931
94	1	479
95	7	2	164	223	333	605	703	768
96	8	75	77	99	116	214	344	462	626
97	4	342	413	564	693
98	8	82	263	312	591	615	677	725	746
99	7	417	465	706	723	827	928	989
100	7	147	217	219	493	527	549	768
101	8	188	261	349	406	487	704	725	773
102	2	713	872
103	8	148	227	383	410	571	618	674	769
104	7	137	205	315	402	746	784	854
105	8	121	202	205	257	328	512	783	914
106	7	155	305	444	725	780	916	988
107	7	63	164	185	516	576	813	831
108	1	708
109	4	11	154	617	833
110	5	682	756	865	917	960
111	1	773
112	3	544	932	978
113	4	538	598	667	752
114	2	306	611
115	5	75	152	162	766	861
116	8	5	12	14	113	452	453	524	542
117	2	449	812
118	4	183	512	633	638
119	7	247	407	615	674	862	924	981
120	7	40	113	155	390	415	584	970
121	8	33	165	257	287	470	783	786	806
122	2	355	646
123	3	74	181	630
124	4	410	588	767	797
125	4	34	349	440	984
126	4	77	495	848	887
127	5	0	49	72	81	97
128	2	156	494
129	1	608
130	4	719	801	827	867
131	2	78	132
132	3	484	629	693
133	6	70	165	357	448	886	954
134	7	72	135	271	551	752	926	937
135	2	398	680
136	6	446	540	561	566	741	950
137	8	63	235	678	723	903	912	960	978
138	1	487
139	4	161	407	469	726
140	8	8	148	167	376	611	740	833	944
141	4	105	142	281	915
142	6	276	335	601	807	996	998
143	4	190	313	319	367
144	6	6	102	190	612	670	685
145	5	129	346	400	805	988
146	4	134	319	480	727
147	2	724	784
148	2	314	995
149	2	146	508
150	8	0	51	206	399	529	771	777	841
151	1	308
152	5	361	529	576	625	689
153	3	201	253	998
154	4	161	369	397	589
155	6	56	155	302	617	872	975
156	3	101	113	677
157	6	137	437	472	786	798	995
158	2	385	592
159	1	11
160	7	112	498	529	686	827	922	945
161	2	868	901
162	1	554
163	6	61	65	165	705	871	890
164	1	513
165	2	661	710
166	1	452
167	4	554	628	730	927
168	6	236	269	273	397	463	729
169	3	485	584	940
170	8	91	95	268	391	515	760	825	918
171	4	39	318	548	733
172	6	21	316	322	354	456	807
173	8	21	92	136	339	453	876	977	987
174	8	49	70	73	74	311	325	348	698
175	4	284	493	528	886
176	3	271	413	434
177	6	71	543	595	652	667	995
178	3	161	220	815
179	3	573	734	904
180	1	48
181	7	82	155	646	679	685	709	978
182	1	223
183	1	846
184	1	450
185	5	445	550	709	728	750
186	5	324	664	669	779	968
187	7	145	294	598	616	644	749	775
188	2	511	588
189	4	24	380	766	944
190	2	725	982
191	5	410	541	774	792	913
192	6	28	501	598	785	824	970
193	8	300	343	349	568	640	669	819	960
194	6	85	173	227	331	483	528
195	3	210	429	915
196	3	418	531	533
197	1	968
198	4	125	253	438	697
199	4	371	382	482	691
200	4	260	487	797	949
201	2	212	641
202	1	361
203	6	47	127	238	760	790	927
204	5	4	94	123	422	740
205	4	520	549	665	739
206	5	27	483	507	870	970
207	4	4	90	476	621
208	8	6	150	441	494	496	562	880	998
209	8	75	168	185	303	470	613	726	805
210	5	25	485	510	670	802
211	2	229	968
212	3	370	563	658
213	2	6	215
214	7	143	327	474	783	823	966	972
215	1	297
216	2	526	545
217	1	607
218	8	85	91	140	221	266	388	420	765
219	2	405	534
220	5	86	88	153	663	768
221	4	142	177	366	894
222	5	584	594	629	698	808
223	8	133	206	306	343	477	688	756	962
224	3	2	295	422
225	7	109	156	553	619	743	815	861
226	5	95	404	696	763	836
227	3	38	392	400
228	5	168	196	304	596	728
229	3	119	398	755
230	3	197	384	963
231	7	57	192	367	387	475	693	755
232	7	124	156	239	288	394	658	869
233	6	8	109	432	604	657	901
234	6	35	90	465	616	742	784
235	3	3	365	935
236	1	425
237	2	278	998
238	4	144	408	705	753
239	3	375	547	596
240	8	210	263	436	598	651	755	819	867
241	5	48	235	473	498	600
242	8	61	122	202	295	347	746	793	814
243	4	574	675	889	996
244	2	146	153
245	2	154	231
246	4	1	17	405	560
247	4	441	753	898	981
248	2	61	186
249	5	162	318	651	790	975
250	4	557	577	655	815
251	3	231	785	787
252	7	41	302	370	416	487	589	875
253	2	300	404
254	6	272	459	876	901	931	970
255	3	253	538	555
256	3	394	423	677
257	4	630	632	664	962
258	5	306	340	348	852	988
259	2	809	884
260	4	191	435	544	982
261	4	137	462	911	944
262	8	32	200	334	545	581	780	898	961
263	1	40
264	3	233	542	711
265	3	868	905	969
266	2	558	704
267	8	26	58	126	193	257	575	755	948
268	8	19	30	357	447	702	714	872	911
269	3	70	81	770
270	4	86	95	246	795
271	8	174	239	499	671	717	877	915	986
272	7	5	24	232	272	433	732	972
273	1	671
274	4	259	618	657	831
275	4	224	514	547	750
276	6	74	304	590	659	845	928
277	3	47	518	891
278	8	67	156	242	390	491	696	951	966
279	4	163	867	946	973
280	1	912
281	4	27	157	339	565
282	1	902
283	3	118	641	807
284	8	232	261	333	575	619	745	879	947
285	2	27	862
286	2	536	917
287	3	180	380	544
288	5	80	222	255	400	940
289	3	102	390	846
290	8	113	205	482	536	568	767	945	990
291	4	35	284	534	554
292	5	276	627	741	794	826
293	3	41	401	724
294	1	763
295	2	346	512
296	2	579	841
297	3	182	220	859
298	7	53	150	231	307	467	877	909
299	4	241	388	517	916
300	4	29	716	832	893
301	2	724	854
302	6	47	48	150	188	805	953
303	7	44	268	502	662	723	808	971
304	7	4	164	336	577	788	891	931
305	3	202	259	586
306	4	163	462	654	896
307	4	119	208	352	749
308	7	68	255	418	515	615	852	893
309	5	229	276	675	725	985
310	3	100	436	581
311	8	246	354	356	363	642	682	775	847
312	5	79	415	862	950	973
313	5	250	770	807	831	923
314	3	111	679	743
315	7	102	228	255	342	363	386	719
316	5	119	226	328	582	858
317	2	119	244
318	4	109	662	691	935
319	4	54	822	910	971
320	4	186	539	562	991
321	2	278	369
322	4	50	199	527	609
323	8	91	175	371	475	545	693	877	963
324	3	16	127	237
325	3	124	156	949
326	1	181
327	4	13	440	697	978
328	4	372	570	642	773
329	1	184
330	7	42	222	380	399	427	528	650
331	7	204	291	308	515	590	700	988
332	7	254	309	463	525	607	693	893
333	1	525
334	1	492
335	2	635	769
336	4	34	174	406	498
337	8	229	242	401	464	539	763	770	888
338	8	54	125	232	388	391	659	856	961
339	2	119	747
340	5	9	256	508	599	969
341	5	340	437	680	866	899
342	2	116	500
343	7	80	203	211	361	626	737	995
344	7	392	503	655	743	845	865	898
345	7	333	515	522	672	746	831	998
346	4	67	254	401	699
347	2	196	414
348	4	110	201	821	865
349	8	40	90	259	535	621	738	750	847
350	1	914
351	8	37	433	546	614	626	629	640	872
352	8	46	92	203	206	424	570	833	843
353	6	88	205	398	466	756	847
354	5	86	95	118	441	594
355	8	24	85	193	217	290	333	932	967
356	6	15	107	432	479	710	866
357	1	382
358	1	596
359	3	446	507	908
360	6	113	128	258	380	446	959
361	6	25	58	257	477	524	750
362	3	211	846	899
363	2	270	798
364	3	215	257	462
365	1	627
366	4	499	750	836	911
367	5	369	536	696	754	882
368	3	376	535	734
369	8	181	232	567	642	665	798	828	954
370	2	1	760
371	5	13	465	765	847	933
372	7	5	21	98	150	350	412	601
373	1	296
374	1	130
375	2	136	251
376	2	110	292
377	2	309	679
378	3	443	566	747
379	3	60	470	903
380	8	14	96	136	676	737	749	949	997
381	7	182	328	448	477	675	699	732
382	2	619	716
383	5	149	530	667	753	869
384	7	159	239	324	337	400	476	508
385	7	205	230	264	517	588	655	757
386	5	179	189	291	666	723
387	5	337	342	580	665	893
388	4	197	210	593	777
389	2	367	459
390	5	106	368	459	476	753
391	6	6	338	507	516	972	983
392	7	68	165	282	355	466	808	971
393	7	8	301	365	411	621	633	702
394	4	67	581	612	775
395	6	28	45	101	145	523	907
396	7	60	224	390	454	619	708	760
397	1	643
398	8	209	292	491	498	561	679	716	947
399	5	750	965	970	987	999
400	7	152	260	437	500	511	594	713
401	3	182	210	770
402	8	214	423	580	851	886	894	900	964
403	8	8	361	745	746	753	787	854	965
404	2	136	931
405	1	701
406	4	145	231	466	507
407	5	168	389	414	852	859
408	8	162	193	199	262	625	647	757	962
409	6	266	328	359	412	599	782
410	2	655	677
411	6	83	106	376	835	839	945
412	6	200	253	546	585	900	917
413	6	142	144	321	680	907	933
414	8	277	317	352	380	481	548	763	787
415	6	282	317	572	618	774	916
416	5	134	168	610	963	964
417	4	57	477	716	944
418	7	33	385	477	576	732	819	825
419	3	655	929	936
420	1	84
421	1	430
422	8	3	292	385	404	424	446	588	785
423	5	41	92	537	547	642
424	5	23	31	562	635	684
425	4	227	374	515	552
426	1	951
427	2	77	806
428	7	97	172	424	476	534	702	879
429	5	192	372	413	637	897
430	2	400	809
431	7	35	213	254	389	468	645	680
432	5	70	250	280	391	681
433	3	433	729	889
434	2	781	962
435	4	217	574	938	985
436	6	30	61	241	323	337	728
437	3	507	660	879
438	3	165	845	942
439	3	169	570	904
440	4	37	169	281	504
441	4	190	262	779	799
442	6	69	249	336	494	633	900
443	7	223	589	603	607	615	622	931
444	6	345	388	409	468	639	832
445	8	9	110	123	364	437	847	939	991
446	4	29	307	694	757
447	5	6	230	285	299	574
448	6	72	85	586	788	875	934
449	4	77	155	732	983
450	5	181	314	552	898	917
451	7	19	93	141	494	591	753	810
452	8	62	406	536	625	709	774	783	814
453	4	533	704	904	976
454	2	172	610
455	6	129	270	334	402	515	975
456	8	85	249	257	276	333	422	523	566
457	8	201	209	218	225	465	476	583	898
458	7	222	289	337	492	583	815	942
459	2	8	843
460	7	26	64	69	412	501	687	884
461	8	29	67	175	317	414	427	747	902
462	8	7	73	177	278	334	409	811	974
463	7	39	138	146	522	758	815	912
464	5	74	589	743	745	965
465	8	98	103	187	356	689	705	758	913
466	4	84	101	302	691
467	3	17	349	466
468	7	280	303	585	678	684	685	857
469	2	296	465
470	1	511
471	7	250	336	484	494	658	775	805
472	5	137	502	561	714	866
473	6	140	517	587	666	876	997
474	7	49	189	359	493	497	643	855
475	8	205	249	300	305	610	708	730	876
476	3	373	606	862
477	1	574
478	2	721	760
479	7	12	221	225	447	630	704	781
480	8	61	195	206	240	608	610	661	939
481	5	491	669	727	773	865
482	3	7	884	976
483	7	366	380	550	679	722	799	812
484	2	703	977
485	8	80	170	177	269	297	432	709	907
486	1	249
487	2	238	440
488	3	145	471	863
489	3	171	233	481
490	4	255	372	820	886
491	2	299	992
492	4	620	737	883	941
493	7	78	87	123	496	552	574	985
494	8	53	304	345	363	447	629	784	964
495	4	58	160	338	993
496	1	700
497	6	10	97	254	314	605	898
498	4	137	712	744	960
499	6	484	556	689	795	870	958
500	7	166	585	607	740	829	870	968
501	8	62	92	95	123	223	783	850	853
502	3	105	464	819
503	8	215	224	404	418	473	546	677	835
504	6	142	448	581	725	813	991
505	6	3	137	281	359	420	824
506	7	214	278	473	495	637	803	883
507	2	177	457
508	4	59	178	434	829
509	1	917
510	2	210	516
511	2	334	396
512	3	30	80	461
513	5	97	366	601	785	820
514	5	139	161	314	572	845
515	1	378
516	3	149	255	443
517	7	257	384	557	640	853	891	892
518	2	167	311
519	1	617
520	1	262
521	4	194	206	211	788
522	2	657	753
523	6	4	581	626	630	978	981
524	4	32	77	132	882
525	2	204	209
526	3	300	348	582
527	1	623
528	5	38	222	701	792	872
529	3	33	456	638
530	4	71	137	237	447
531	4	89	610	743	959
532	1	54
533	4	415	578	754	836
534	4	17	131	387	394
535	5	30	275	397	779	968
536	1	464
537	6	293	306	423	491	518	579
538	8	92	173	330	390	476	614	756	779
539	4	821	938	954	981
540	8	137	215	399	496	606	671	674	979
541	3	277	738	839
542	4	312	327	615	817
543	4	144	263	569	920
544	5	14	145	246	683	900
545	7	147	298	507	612	703	715	902
546	4	62	83	467	685
547	1	175
548	2	803	856
549	4	610	616	686	995
550	1	507
551	5	175	265	355	563	815
552	3	227	344	896
553	5	353	442	566	881	962
554	2	613	958
555	4	145	432	619	841
556	1	492
557	5	28	276	379	448	458
558	2	600	790
559	1	289
560	2	512	567
561	6	380	394	453	490	504	663
562	4	3	120	164	578
563	2	86	423
564	5	75	328	732	775	787
565	4	46	163	813	912
566	4	25	133	386	981
567	7	15	395	606	849	890	907	961
568	1	881
569	1	768
570	8	60	570	651	689	708	919	937	953
571	1	668
572	6	269	291	369	487	578	667
573	3	210	299	770
574	5	25	231	863	950	988
575	8	378	490	633	637	744	758	853	855
576	2	451	473
577	5	165	223	646	812	860
578	8	21	40	199	559	568	627	952	979
579	5	182	319	652	679	744
580	8	48	175	181	398	871	916	930	945
581	2	60	903
582	5	51	280	357	617	818
583	3	87	776	980
584	6	23	267	276	318	651	835
585	5	503	759	846	870	946
586	4	316	427	436	574
587	6	228	390	836	854	929	988
588	3	136	590	690
589	4	148	359	494	934
590	5	302	447	453	788	971
591	6	84	127	365	414	864	951
592	1	982
593	7	156	322	492	685	795	892	979
594	5	477	526	664	821	962
595	3	63	546	625
596	4	188	377	741	887
597	6	418	483	631	698	866	941
598	3	542	974	994
599	7	268	502	535	609	794	888	894
600	1	483
601	8	153	188	241	256	448	451	485	537
602	1	559
603	4	185	256	498	680
604	4	336	504	709	795
605	6	123	353	567	595	678	788
606	3	68	254	744
607	6	95	210	336	442	869	890
608	1	136
609	3	173	805	960
610	3	86	721	954
611	7	188	432	654	848	866	892	913
612	1	419
613	1	422
614	6	15	371	466	621	786	905
615	4	263	271	398	887
616	6	169	469	628	634	651	886
617	6	74	256	277	362	443	833
618	5	3	89	641	845	993
619	8	76	297	412	459	505	516	674	999
620	8	131	150	368	451	475	564	939	985
621	5	125	494	563	686	721
622	7	75	243	365	398	484	650	728
623	2	20	221
624	3	176	181	368
625	8	53	85	191	275	453	560	579	871
626	1	511
627	8	25	146	207	785	821	928	961	963
628	2	627	943
629	2	83	745
630	8	70	89	254	455	535	540	562	840
631	6	42	257	546	834	997	998
632	3	96	184	399
633	4	205	546	651	891
634	6	211	337	441	572	582	640
635	5	173	216	264	483	864
636	1	739
637	7	183	285	331	386	467	775	819
638	3	58	237	530
639	7	135	477	703	730	780	785	992
640	3	267	456	714
641	1	816
642	4	111	138	253	326
643	8	73	265	292	481	588	715	899	992
644	2	240	950
645	7	336	445	506	667	668	672	813
646	7	223	265	427	460	621	880	882
647	4	37	94	549	928
648	5	172	241	602	691	876
649	4	159	542	712	872
650	5	241	247	440	454	988
651	1	962
652	8	96	156	282	395	656	734	836	970
653	2	366	632
654	7	36	273	387	493	533	558	919
655	4	11	413	715	720
656	6	66	396	444	809	819	871
657	7	19	277	326	402	407	528	611
658	4	356	727	909	926
659	7	64	107	174	241	388	438	685
660	3	207	553	885
661	1	347
662	5	249	269	341	533	901
663	1	249
664	6	40	48	273	683	712	927
665	7	41	124	278	314	540	628	938
666	4	97	147	284	814
667	5	63	68	69	85	175
668	2	12	814
669	1	194
670	7	218	355	475	715	729	851	904
671	5	170	187	265	271	459
672	5	67	167	179	186	675
673	8	84	122	206	313	341	436	448	837
674	1	915
675	7	266	278	366	398	579	672	753
676	5	44	186	240	432	466
677	8	241	265	276	521	639	720	985	987
678	6	1	48	144	343	619	740
679	6	284	295	458	475	606	738
680	8	12	42	238	388	520	584	796	873
681	4	200	215	588	703
682	4	178	326	772	960
683	8	154	273	420	493	604	651	655	834
684	7	197	396	757	826	848	973	991
685	2	482	844
686	4	502	617	639	883
687	6	312	398	445	714	897	958
688	6	349	446	484	522	890	982
689	1	680
690	6	120	594	708	761	765	814
691	4	282	368	369	611
692	8	173	267	273	289	451	618	844	854
693	4	200	848	926	960
694	4	582	639	768	979
695	2	764	992
696	5	119	155	345	530	531
697	7	112	118	246	298	351	418	795
698	6	20	416	530	679	754	845
699	2	77	759
700	6	339	548	596	706	752	929
701	6	15	17	139	481	676	980
702	3	233	516	895
703	4	215	432	541	962
704	1	727
705	3	287	486	558
706	3	31	894	979
707	3	414	504	827
708	8	104	141	292	503	521	684	771	946
709	5	396	643	695	715	969
710	7	3	87	466	472	495	567	886
711	5	55	105	593	803	942
712	2	292	584
713	5	78	193	527	665	724
714	1	104
715	3	705	812	913
716	7	13	179	198	509	802	924	928
717	4	394	424	458	636
718	4	194	324	333	488
719	4	68	299	578	729
720	1	360
721	1	589
722	4	36	338	593	822
723	8	61	180	193	244	372	425	910	966
724	3	12	789	961
725	4	12	34	540	634
726	8	35	216	275	485	544	588	724	826
727	3	74	816	828
728	7	87	152	334	438	507	911	972
729	1	556
730	1	753
731	7	174	281	383	490	496	505	756
732	4	545	777	821	889
733	6	221	314	345	412	697	772
734	3	176	558	744
735	1	707
736	8	116	222	241	298	371	609	804	872
737	1	910
738	4	36	854	951	967
739	4	577	847	851	982
740	8	4	51	163	186	198	302	389	836
741	1	391
742	6	243	257	663	713	799	851
743	7	149	182	315	565	604	607	891
744	1	109
745	8	73	136	360	449	502	643	881	891
746	5	238	287	304	690	709
747	2	397	553
748	5	174	248	469	891	951
749	8	43	88	215	367	450	853	905	947
750	6	3	140	308	665	721	980
751	6	271	574	613	656	762	952
752	2	974	987
753	6	323	459	709	776	787	936
754	8	173	267	399	588	791	821	841	862
755	4	8	318	391	755
756	6	205	354	396	404	898	979
757	5	3	107	136	310	543
758	8	87	96	153	694	728	754	759	805
759	4	360	669	800	805
760	3	140	207	788
761	7	174	198	544	631	667	761	809
762	5	67	101	236	656	863
763	5	97	359	454	561	717
764	2	457	732
765	2	146	267
766	7	131	280	365	491	646	879	880
767	1	77
768	3	71	508	524
769	3	452	629	630
770	5	29	163	782	907	923
771	4	273	401	764	918
772	2	503	620
773	3	144	584	990
774	7	64	86	112	150	171	299	975
775	4	282	298	626	806
776	8	43	54	89	298	448	700	830	930
777	3	155	582	916
778	2	755	901
779	2	697	879
780	2	640	886
781	6	221	280	513	671	710	849
782	8	96	116	128	251	267	305	686	974
783	4	229	342	916	940
784	4	56	67	738	803
785	3	204	792	891
786	8	43	127	134	180	324	554	933	967
787	3	38	385	545
788	6	198	450	547	630	649	944
789	7	171	232	249	271	427	638	690
790	8	48	174	218	231	238	318	622	810
791	6	221	323	500	545	653	811
792	4	78	229	937	978
793	2	291	969
794	6	79	331	418	434	565	796
795	5	149	638	722	924	988
796	7	116	277	494	607	865	896	984
797	1	548
798	2	456	776
799	4	196	519	715	950
800	3	6	810	858
801	1	530
802	3	356	769	871
803	8	35	130	414	596	648	683	706	920
804	1	130
805	5	27	66	75	297	586
806	1	789
807	5	512	588	617	662	848
808	7	64	119	380	417	596	784	853
809	6	413	425	563	706	713	799
810	5	123	517	636	896	927
811	4	89	215	511	683
812	6	32	41	475	646	796	912
813	6	565	624	639	785	796	996
814	2	875	990
815	3	572	615	986
816	5	73	268	273	472	867
817	1	749
818	1	790
819	3	189	225	294
820	4	151	392	545	981
821	4	99	636	897	936
822	1	340
823	6	205	221	356	393	494	631
824	1	520
825	4	222	368	445	819
826	8	139	295	422	425	704	725	868	939
827	8	63	190	261	277	335	778	889	902
828	2	365	452
829	3	302	849	901
830	3	67	373	732
831	2	269	906
832	8	89	100	176	400	544	575	839	979
833	3	174	282	700
834	1	850
835	7	6	62	112	482	511	546	771
836	3	455	663	807
837	5	69	178	454	486	627
838	7	126	185	187	692	725	852	955
839	2	48	290
840	8	519	609	641	657	673	951	967	971
841	1	770
842	7	84	142	159	410	657	669	908
843	7	76	115	444	500	555	578	778
844	4	135	405	568	759
845	1	343
846	1	830
847	3	146	466	598
848	1	779
849	2	118	360
850	4	270	466	696	831
851	2	206	861
852	1	630
853	3	768	800	879
854	2	94	352
855	6	50	384	661	676	696	977
856	3	296	375	703
857	1	811
858	4	546	560	737	868
859	7	113	175	187	223	325	474	896
860	7	12	175	207	268	316	680	997
861	7	62	259	311	360	439	498	594
862	6	22	164	658	745	833	917
863	1	215
864	6	4	111	201	383	443	619
865	7	26	109	287	312	321	327	590
866	1	104
867	4	147	220	302	576
868	8	106	260	455	534	669	948	978	984
869	2	59	728
870	5	189	278	494	608	867
871	7	191	345	383	567	648	834	944
872	1	14
873	6	69	79	632	777	813	954
874	3	287	500	792
875	5	242	309	410	473	509
876	8	154	163	278	444	635	707	766	933
877	5	84	126	700	816	841
878	8	74	240	269	423	508	640	724	840
879	4	221	518	577	658
880	1	457
881	5	63	237	544	562	617
882	4	538	865	866	875
883	8	217	248	282	482	512	713	742	791
884	8	96	183	246	530	680	693	697	892
885	8	73	264	588	673	715	803	878	913
886	1	609
887	5	593	656	761	920	931
888	2	666	957
889	1	656
890	2	574	798
891	4	128	548	712	896
892	7	77	119	157	405	425	684	881
893	8	5	123	307	319	323	348	611	791
894	2	160	470
895	8	387	460	550	599	651	733	813	996
896	4	619	629	683	895
897	5	3	354	439	675	901
898	3	929	972	999
899	1	966
900	5	221	481	603	888	984
901	6	6	33	163	419	700	958
902	1	43
903	4	205	442	728	833
904	6	441	504	658	778	818	946
905	7	502	574	597	784	817	925	988
906	8	42	147	263	547	550	592	812	931
907	7	404	473	501	539	659	822	885
908	8	21	164	183	296	353	635	785	848
909	8	111	633	792	840	884	951	963	969
910	4	216	285	382	533
911	7	21	75	523	556	665	822	951
912	3	141	356	555
913	2	42	866
914	3	129	464	764
915	2	394	851
916	7	105	121	390	415	839	918	953
917	3	132	505	643
918	3	52	300	503
919	8	75	260	590	846	864	914	961	999
920	1	195
921	3	263	340	760
922	4	58	298	310	428
923	5	10	78	243	499	551
924	6	127	247	389	562	724	991
925	8	103	129	320	335	500	740	752	968
926	5	227	281	715	828	900
927	2	422	918
928	7	118	239	476	587	646	804	877
929	6	257	301	691	784	984	993
930	4	40	381	443	997
931	2	382	617
932	4	529	609	874	954
933	7	98	211	332	615	642	753	774
934	4	77	289	532	605
935	4	221	459	865	905
936	4	147	336	531	993
937	4	164	198	378	829
938	7	288	446	465	522	592	702	796
939	8	176	205	220	292	636	778	815	854
940	2	786	939
941	3	309	744	761
942	5	231	345	408	869	975
943	4	315	363	491	887
944	5	7	98	278	648	739
945	8	85	87	329	429	622	650	866	883
946	5	146	406	571	628	982
947	6	106	108	147	406	501	754
948	1	715
949	1	174
950	7	125	218	251	254	445	613	903
951	7	106	145	447	664	812	882	988
952	4	0	88	504	750
953	8	65	149	245	293	485	526	855	962
954	2	127	366
955	4	330	521	546	967
956	4	370	425	896	987
957	4	30	266	509	748
958	5	90	132	819	865	982
959	7	238	283	362	566	567	569	942
960	6	7	37	354	364	579	953
961	7	92	231	234	309	622	756	879
962	1	979
963	8	246	387	473	536	674	685	751	786
964	7	37	383	388	441	475	803	853
965	3	144	537	808
966	1	261
967	8	159	291	432	491	933	947	952	986
968	2	30	718
969	1	27
970	7	181	194	591	643	789	796	923
971	5	255	285	701	785	793
972	4	205	501	772	883
973	3	122	591	789
974	5	40	125	441	503	613
975	5	125	231	309	377	861
976	5	170	325	388	515	734
977	3	26	290	947
978	8	128	153	157	345	429	491	656	829
979	1	55
980	5	126	499	513	685	838
981	3	71	523	600
982	8	79	283	311	390	703	924	952	956
983	7	23	139	272	316	332	396	428
984	8	115	185	284	397	776	857	881	913
985	3	35	947	970
986	1	678
987	6	136	210	222	299	559	894
988	2	386	977
989	2	656	697
990	8	102	224	288	383	545	650	864	981
991	1	571
992	1	559
993	8	64	177	395	444	607	808	897	999
994	2	228	520
995	2	693	877
996	5	72	162	643	648	760
997	5	142	252	713	773	965
998	2	297	605
999	2	76	658
