2	0.772398
3	0.799222
4	0.815199
5	0.826175
6	0.8348
7	0.841992
8	0.847771
9	0.852885
10	0.856885
11	0.860413
12	0.863894
13	0.86654
14	0.869697
15	0.872263
16	0.874537
17	0.876688
18	0.87821
19	0.880287
20	0.882264
21	0.884072
22	0.885781
23	0.887205
24	0.888473
25	0.889878
26	0.891471
27	0.892664
28	0.893688
29	0.894812
30	0.896137
31	0.896752
32	0.897819
33	0.898844
34	0.899738
35	0.9009
36	0.901765
37	0.902377
38	0.903287
39	0.904011
40	0.904989
41	0.905775
42	0.906383
43	0.907521
44	0.907894
45	0.908402
46	0.909112
47	0.910052
48	0.910321
49	0.911413
50	0.911902
51	0.912467
52	0.912964
53	0.913587
54	0.914205
55	0.914679
56	0.915418
57	0.915526
58	0.915872
59	0.916564
60	0.917165
61	0.917829
62	0.918315
63	0.918706
64	0.919089
65	0.919585
66	0.919932
67	0.920278
68	0.920474
69	0.92125
70	0.92163
71	0.922028
72	0.922634
73	0.922874
74	0.923221
75	0.923478
76	0.924033
77	0.924066
78	0.924505
79	0.924804
80	0.925173
81	0.925499
82	0.9258
83	0.926217
84	0.926614
85	0.926593
86	0.927313
87	0.927808
88	0.9279
89	0.928233
90	0.92842
91	0.928622
92	0.929129
93	0.929466
94	0.929601
95	0.929863
96	0.930361
97	0.930586
98	0.930718
99	0.930981
100	0.931215
101	0.931682
102	0.931833
