2	0.227602
2	0.227602
3	0.200778
3	0.200778
4	0.184801
4	0.184801
5	0.173825
5	0.173825
6	0.1652
6	0.1652
7	0.158008
7	0.158008
8	0.152229
8	0.152229
9	0.147115
9	0.147115
10	0.143115
10	0.143115
11	0.139587
11	0.139587
12	0.136106
12	0.136106
13	0.13346
13	0.13346
14	0.130303
14	0.130303
15	0.127737
15	0.127737
16	0.125463
16	0.125463
17	0.123312
17	0.123312
18	0.12179
18	0.12179
19	0.119713
19	0.119713
20	0.117736
20	0.117736
21	0.115928
21	0.115928
22	0.11422
22	0.11422
23	0.112795
23	0.112795
24	0.111527
24	0.111527
25	0.110122
25	0.110122
26	0.108529
26	0.108529
27	0.107336
27	0.107336
28	0.106312
28	0.106312
29	0.105188
29	0.105188
30	0.103863
30	0.103863
31	0.103248
31	0.103248
32	0.102181
32	0.102181
33	0.101156
33	0.101156
34	0.100262
34	0.100262
35	0.0991002
35	0.0991002
36	0.0982352
36	0.0982352
37	0.0976227
37	0.0976227
38	0.0967127
38	0.0967127
39	0.0959889
39	0.0959889
40	0.0950114
40	0.0950114
41	0.0942255
41	0.0942255
42	0.0936166
42	0.0936166
43	0.0924786
43	0.0924786
44	0.0921061
44	0.0921061
45	0.091598
45	0.091598
46	0.0908878
46	0.0908878
47	0.0899478
47	0.0899478
48	0.0896786
48	0.0896786
49	0.0885869
49	0.0885869
50	0.0880984
50	0.0880984
51	0.0875331
51	0.0875331
52	0.0870361
52	0.0870361
53	0.0864133
53	0.0864133
54	0.0857952
54	0.0857952
55	0.0853213
55	0.0853213
56	0.0845821
56	0.0845821
57	0.0844744
57	0.0844744
58	0.0841278
58	0.0841278
59	0.0834356
59	0.0834356
60	0.0828353
60	0.0828353
61	0.0821706
61	0.0821706
62	0.0816853
62	0.0816853
63	0.081294
63	0.081294
64	0.0809107
64	0.0809107
65	0.080415
65	0.080415
66	0.080068
66	0.080068
67	0.0797217
67	0.0797217
68	0.0795259
68	0.0795259
69	0.0787497
69	0.0787497
70	0.0783701
70	0.0783701
71	0.0779722
71	0.0779722
72	0.0773658
72	0.0773658
73	0.0771261
73	0.0771261
74	0.0767793
74	0.0767793
75	0.0765215
75	0.0765215
76	0.0759668
76	0.0759668
77	0.075934
77	0.075934
78	0.0754953
78	0.0754953
79	0.0751959
79	0.0751959
80	0.0748266
80	0.0748266
81	0.0745005
81	0.0745005
82	0.0742003
82	0.0742003
83	0.0737834
83	0.0737834
84	0.073386
84	0.073386
85	0.0734072
85	0.0734072
86	0.0726866
86	0.0726866
87	0.072192
87	0.072192
88	0.0721001
88	0.0721001
89	0.0717671
89	0.0717671
90	0.0715801
90	0.0715801
91	0.0713782
91	0.0713782
92	0.0708711
92	0.0708711
93	0.0705339
93	0.0705339
94	0.0703988
94	0.0703988
95	0.070137
95	0.070137
96	0.0696393
96	0.0696393
97	0.0694135
97	0.0694135
98	0.0692822
98	0.0692822
99	0.0690191
99	0.0690191
100	0.0687847
100	0.0687847
101	0.0683178
101	0.0683178
102	0.0681674
102	0.0681674
