2	0.998148
3	0.997967
4	0.997777
5	0.997602
6	0.997498
7	0.997391
8	0.997313
9	0.997149
10	0.997211
11	0.997097
12	0.997011
13	0.996947
14	0.996762
15	0.996726
16	0.996776
17	0.996668
18	0.996685
19	0.996676
20	0.996571
21	0.996636
22	0.996547
23	0.996515
24	0.99619
25	0.996209
26	0.996274
27	0.99616
28	0.996115
29	0.996241
30	0.996158
31	0.996001
32	0.99592
33	0.996025
34	0.995845
35	0.995964
36	0.996062
37	0.995779
38	0.99578
39	0.995631
40	0.995744
41	0.995639
42	0.995633
43	0.995687
44	0.995507
45	0.995643
46	0.995387
47	0.995263
48	0.995401
49	0.995268
50	0.99525
51	0.995316
52	0.995256
53	0.995225
54	0.995237
55	0.995189
56	0.995259
57	0.995194
58	0.99523
59	0.995081
60	0.994877
61	0.994977
62	0.994928
63	0.994978
64	0.99521
65	0.994881
66	0.994777
67	0.994866
68	0.995002
69	0.994939
70	0.994805
71	0.994963
72	0.994992
73	0.994646
74	0.994575
75	0.994738
76	0.994362
77	0.994483
78	0.994778
79	0.994454
80	0.994553
81	0.99449
82	0.994662
83	0.994483
84	0.994514
85	0.994141
86	0.994519
87	0.994584
88	0.994224
89	0.994512
90	0.994325
91	0.994357
92	0.993985
93	0.994257
94	0.994223
95	0.994344
96	0.994225
97	0.993814
98	0.993987
99	0.994256
100	0.994123
101	0.994117
102	0.993847
