2	0.228024
3	0.201187
4	0.185212
5	0.174242
6	0.165614
7	0.158422
8	0.152639
9	0.147535
10	0.143515
11	0.139994
12	0.136514
13	0.133869
14	0.130726
15	0.128157
16	0.125869
17	0.123724
18	0.122195
19	0.120112
20	0.118141
21	0.116319
22	0.114615
23	0.11319
24	0.111953
25	0.110541
26	0.108935
27	0.10775
28	0.106727
29	0.105585
30	0.104263
31	0.103663
32	0.1026
33	0.10156
34	0.10068
35	0.0995018
36	0.0986235
37	0.0980365
38	0.0971225
39	0.0964102
40	0.0954175
41	0.0946382
42	0.0940272
43	0.0928791
44	0.0925217
45	0.0919988
46	0.091309
47	0.0903759
48	0.090093
49	0.0890081
50	0.0885188
51	0.087945
52	0.0874509
53	0.0868279
54	0.0862058
55	0.0857337
56	0.0849851
57	0.0848823
58	0.084531
59	0.0838481
60	0.0832618
61	0.0825855
62	0.0821017
63	0.0817044
64	0.0813001
65	0.0808288
66	0.0804884
67	0.0801332
68	0.0799254
69	0.0791503
70	0.0787794
71	0.078367
72	0.0777552
73	0.0775412
74	0.0771981
75	0.0769263
76	0.0763976
77	0.0763552
78	0.0758916
79	0.0756152
80	0.0752364
81	0.0749132
82	0.0745985
83	0.0741927
84	0.0737908
85	0.0738398
86	0.0730872
87	0.0725851
88	0.0725189
89	0.0721631
90	0.0719886
91	0.0717832
92	0.0713
93	0.0709413
94	0.0708078
95	0.070536
96	0.0700438
97	0.0698456
98	0.0697013
99	0.0694178
100	0.0691913
101	0.0687221
102	0.0685894
