2	5.18
2	7.1
3	10.24
4	14.34
5	14.57
6	18.38
7	27.86
8	23.74
9	28.61
10	30.19
11	32.5
50	3958.81
50	3188.93
2	0
2	0
2	0
2	0
2	0
2	0
2	0
2	0
2	0
2	0
2	0
2	0
2	0
2	0
2	0
2	0
2	0
2	0
2	0
2	0
2	0
2	0
2	0
2	0
2	0
2	0
2	0
2	0
2	0
2	0
2	0
2	0.01
2	0.01
2	0.04
2	0.04
2	0
2	0.01
2	0.01
2	0.02
2	0
2	0.01
2	0.04
2	0.01
2	0.05
2	0.01
2	0.02
2	0
2	0
2	0
2	0
2	0.2
2	0.24
2	0
2	0
2	0.01
2	0.33
2	0.24
2	0.24
2	0.22
2	0.14
2	0.32
2	0.79
2	0.29
2	0.28
2	0.12
2	0.33
2	0.33
2	0.31
2	1.01
2	1.06
2	13.62
2	0.02
2	39.57
2	0.03
2	0.18
2	0.03
2	0.01
2	0.02
2	0.02
2	26315.1
