2	6.51034e-05
3	4.71261e-05
4	3.90461e-05
5	3.25795e-05
6	2.84839e-05
7	2.42532e-05
8	2.18451e-05
9	1.97231e-05
10	1.89548e-05
11	1.79693e-05
12	1.72832e-05
13	1.69044e-05
14	1.61176e-05
15	1.56248e-05
16	1.52804e-05
17	1.53122e-05
18	1.47426e-05
19	1.42075e-05
20	1.37571e-05
21	1.37333e-05
22	1.33492e-05
23	1.32564e-05
24	1.31558e-05
25	1.29836e-05
26	1.27107e-05
27	1.24326e-05
28	1.22974e-05
29	1.2112e-05
30	1.19345e-05
31	1.18524e-05
32	1.19027e-05
33	1.19557e-05
34	1.20484e-05
35	1.19478e-05
36	1.15371e-05
37	1.18365e-05
38	1.15371e-05
39	1.14232e-05
40	1.13914e-05
41	1.1206e-05
42	1.12987e-05
43	1.11663e-05
44	1.11583e-05
45	1.11133e-05
46	1.09013e-05
47	1.08457e-05
48	1.08404e-05
49	1.28829e-05
50	1.28882e-05
51	1.29279e-05
52	1.27213e-05
53	1.26524e-05
54	1.28379e-05
55	1.30975e-05
56	1.30074e-05
57	1.27478e-05
58	1.2361e-05
59	1.24379e-05
60	1.27611e-05
61	1.25385e-05
62	1.21994e-05
63	1.25279e-05
64	1.14497e-05
65	1.16193e-05
66	1.14418e-05
67	1.19345e-05
68	1.22524e-05
69	1.19981e-05
70	1.19292e-05
71	1.221e-05
72	1.16908e-05
73	1.20193e-05
74	1.23186e-05
75	1.12431e-05
76	1.0896e-05
77	1.12378e-05
78	1.12881e-05
79	1.10073e-05
80	1.08378e-05
81	1.11239e-05
82	1.12139e-05
83	1.08987e-05
84	1.07265e-05
85	1.1047e-05
86	1.09543e-05
87	1.08325e-05
88	1.07901e-05
89	1.07556e-05
90	1.14444e-05
91	1.14365e-05
92	1.18206e-05
93	1.13437e-05
94	1.19027e-05
95	1.13967e-05
96	1.16828e-05
97	1.15e-05
98	1.18047e-05
99	1.18179e-05
100	1.15027e-05
101	1.16775e-05
102	1.17252e-05
