ID:	0	11	0	0	39	15
ID:	0	15	1	0	42	28
ID:	0	20	2	0	43	29
ID:	0	3	3	1	34	1
ID:	0	6	4	1	36	2
ID:	0	9	5	1	38	3
ID:	0	14	6	1	40	16
ID:	1	5	7	0	31	31
ID:	1	10	8	0	32	32
ID:	1	12	9	0	33	33
ID:	1	16	10	0	37	34
ID:	1	2	11	1	28	4
ID:	2	5	12	0	26	39
ID:	2	19	13	0	27	40
ID:	2	4	14	1	22	6
ID:	3	9	15	0	20	18
ID:	3	16	16	0	21	36
ID:	3	18	17	0	41	37
ID:	3	5	18	1	17	8
ID:	3	8	19	1	18	10
ID:	4	7	20	0	29	5
ID:	4	8	21	0	30	9
ID:	4	6	22	1	15	11
ID:	5	10	23	0	16	12
ID:	5	13	24	0	19	13
ID:	5	1	25	1	14	14
ID:	6	7	26	1	12	17
ID:	7	12	27	0	10	24
ID:	7	15	28	0	11	42
ID:	7	20	29	0	35	43
ID:	7	2	30	1	7	20
ID:	7	4	31	1	8	22
ID:	7	9	32	1	9	23
ID:	8	13	33	0	23	7
ID:	8	18	34	0	25	21
ID:	8	1	35	1	5	25
ID:	8	8	36	1	6	26
ID:	8	13	37	1	24	27
ID:	9	19	38	0	13	19
ID:	9	2	39	1	1	30
ID:	9	3	40	1	2	35
ID:	9	4	41	1	3	38
ID:	9	11	42	1	4	41
