ID:	0	322	0	0	1358	382
ID:	0	414	1	0	1361	561
ID:	0	586	2	0	1381	562
ID:	0	786	3	0	1388	563
ID:	0	787	4	0	1389	1352
ID:	0	801	5	0	1390	1353
ID:	0	919	6	0	1391	1354
ID:	0	975	7	0	1392	1355
ID:	0	984	8	0	1393	1356
ID:	0	989	9	0	1394	1357
ID:	0	41	10	1	1351	1
ID:	0	148	11	1	1354	2
ID:	0	169	12	1	1355	3
ID:	0	406	13	1	1359	383
ID:	0	462	14	1	1362	564
ID:	0	473	15	1	1368	565
ID:	0	719	16	1	1382	566
ID:	1	157	17	0	1320	45
ID:	1	622	18	0	1341	743
ID:	1	712	19	0	1346	744
ID:	1	733	20	0	1347	745
ID:	1	828	21	0	1348	1177
ID:	1	863	22	0	1349	1178
ID:	1	894	23	0	1350	1179
ID:	1	126	24	1	1314	4
ID:	1	133	25	1	1318	5
ID:	1	172	26	1	1321	46
ID:	1	220	27	1	1332	47
ID:	1	470	28	1	1334	48
ID:	1	670	29	1	1342	746
ID:	2	523	30	0	1300	191
ID:	2	528	31	0	1301	509
ID:	2	550	32	0	1307	518
ID:	2	645	33	0	1308	519
ID:	2	665	34	0	1309	783
ID:	2	726	35	0	1310	784
ID:	2	875	36	0	1311	785
ID:	2	888	37	0	1312	893
ID:	2	924	38	0	1313	949
ID:	2	14	39	1	1218	6
ID:	2	135	40	1	1223	7
ID:	2	152	41	1	1225	8
ID:	2	159	42	1	1231	9
ID:	2	194	43	1	1259	10
ID:	2	199	44	1	1268	11
ID:	2	317	45	1	1281	12
ID:	2	424	46	1	1298	13
ID:	2	536	47	1	1302	510
ID:	3	312	48	0	1195	28
ID:	3	389	49	0	1199	437
ID:	3	622	50	0	1204	713
ID:	3	901	51	0	1216	714
ID:	3	916	52	0	1217	715
ID:	3	50	53	1	1096	17
ID:	3	112	54	1	1130	18
ID:	3	120	55	1	1142	19
ID:	3	208	56	1	1168	20
ID:	3	382	57	1	1196	29
ID:	3	579	58	1	1200	438
ID:	3	725	59	1	1205	716
ID:	3	762	60	1	1206	717
ID:	3	763	61	1	1212	718
ID:	4	226	62	0	1068	1338
ID:	4	236	63	0	1069	1339
ID:	4	558	64	0	1088	1340
ID:	4	601	65	0	1089	1341
ID:	4	649	66	0	1091	1342
ID:	4	657	67	0	1092	1343
ID:	4	792	68	0	1093	1344
ID:	4	937	69	0	1095	1345
ID:	4	259	70	1	1070	1346
ID:	4	289	71	1	1073	1347
ID:	4	310	72	1	1076	1348
ID:	4	320	73	1	1082	1349
ID:	4	431	74	1	1084	1350
ID:	4	647	75	1	1090	1351
ID:	4	807	76	1	1094	1358
ID:	5	279	77	0	1051	207
ID:	5	281	78	0	1052	208
ID:	5	468	79	0	1053	416
ID:	5	648	80	0	1064	452
ID:	5	685	81	0	1065	631
ID:	5	737	82	0	1066	680
ID:	5	751	83	0	1067	1181
ID:	5	889	84	0	1315	1182
ID:	5	890	85	0	1316	1183
ID:	5	904	86	0	1317	1184
ID:	5	10	87	1	986	26
ID:	5	95	88	1	1032	27
ID:	5	104	89	1	1033	30
ID:	5	123	90	1	1037	31
ID:	5	129	91	1	1038	33
ID:	5	198	92	1	1043	34
ID:	5	206	93	1	1047	35
ID:	5	236	94	1	1048	36
ID:	5	571	95	1	1054	417
ID:	5	617	96	1	1063	418
ID:	6	649	97	0	983	1107
ID:	6	676	98	0	984	1108
ID:	6	776	99	0	985	1109
ID:	6	851	100	0	1058	1110
ID:	6	856	101	0	1180	1111
ID:	6	868	102	0	1181	1112
ID:	6	915	103	0	1183	1113
ID:	6	992	104	0	1184	1114
ID:	6	138	105	1	952	37
ID:	6	218	106	1	953	38
ID:	6	253	107	1	972	39
ID:	6	266	108	1	974	40
ID:	6	556	109	1	982	41
ID:	6	876	110	1	1182	1115
ID:	7	174	111	0	923	264
ID:	7	286	112	0	929	265
ID:	7	591	113	0	947	266
ID:	7	656	114	0	948	923
ID:	7	724	115	0	951	924
ID:	7	748	116	0	1108	925
ID:	7	814	117	0	1109	926
ID:	7	834	118	0	1110	927
ID:	7	990	119	0	1111	928
ID:	7	78	120	1	922	43
ID:	7	203	121	1	924	267
ID:	7	309	122	1	930	268
ID:	7	470	123	1	937	269
ID:	7	676	124	1	949	929
ID:	7	711	125	1	950	930
ID:	8	198	126	0	886	276
ID:	8	436	127	0	907	1018
ID:	8	700	128	0	914	1019
ID:	8	862	129	0	918	1020
ID:	8	880	130	0	919	1021
ID:	8	901	131	0	920	1062
ID:	8	920	132	0	921	1063
ID:	8	49	133	1	880	44
ID:	8	191	134	1	881	49
ID:	8	278	135	1	887	277
ID:	8	289	136	1	890	278
ID:	8	344	137	1	903	279
ID:	8	402	138	1	904	280
ID:	8	528	139	1	908	1022
ID:	8	592	140	1	909	1029
ID:	8	688	141	1	910	1030
ID:	8	855	142	1	915	1031
ID:	9	317	143	0	877	478
ID:	9	327	144	0	878	479
ID:	9	400	145	0	879	662
ID:	9	476	146	0	1335	663
ID:	9	910	147	0	1340	855
ID:	9	28	148	1	830	51
ID:	9	50	149	1	850	52
ID:	9	117	150	1	855	53
ID:	9	164	151	1	864	54
ID:	9	841	152	1	1336	664
ID:	9	886	153	1	1338	665
ID:	10	373	154	0	823	84
ID:	10	506	155	0	824	459
ID:	10	515	156	0	825	1314
ID:	10	714	157	0	829	1315
ID:	10	792	158	0	872	1316
ID:	10	892	159	0	873	1317
ID:	10	901	160	0	1022	1318
ID:	10	919	161	0	1023	1319
ID:	10	104	162	1	817	56
ID:	10	227	163	1	822	57
ID:	10	529	164	1	826	1320
ID:	10	661	165	1	827	1334
ID:	11	379	166	0	1083	1366
ID:	11	461	167	0	1322	1367
ID:	11	577	168	0	1323	1368
ID:	11	913	169	0	1330	1369
ID:	11	964	170	0	1331	1370
ID:	11	113	171	1	807	58
ID:	11	303	172	1	815	59
ID:	11	579	173	1	1324	1371
ID:	11	831	174	1	1328	1372
ID:	12	215	175	0	789	186
ID:	12	217	176	0	790	347
ID:	12	477	177	0	1282	348
ID:	12	529	178	0	1283	349
ID:	12	766	179	0	1294	350
ID:	12	813	180	0	1295	351
ID:	12	818	181	0	1296	750
ID:	12	875	182	0	1297	751
ID:	12	105	183	1	788	61
ID:	12	385	184	1	791	352
ID:	12	448	185	1	806	353
ID:	12	542	186	1	1284	354
ID:	12	734	187	1	1289	355
ID:	13	330	188	0	783	180
ID:	13	609	189	0	851	181
ID:	13	748	190	0	852	471
ID:	13	928	191	0	854	1083
ID:	13	301	192	1	781	62
ID:	13	434	193	1	784	182
ID:	13	540	194	1	785	183
ID:	13	587	195	1	787	184
ID:	13	802	196	1	853	472
ID:	14	318	197	0	994	698
ID:	14	348	198	0	995	808
ID:	14	438	199	0	996	809
ID:	14	517	200	0	997	810
ID:	14	641	201	0	998	811
ID:	14	653	202	0	999	1245
ID:	14	675	203	0	1000	1246
ID:	14	708	204	0	1005	1247
ID:	14	748	205	0	1006	1248
ID:	14	820	206	0	1007	1249
ID:	14	859	207	0	1008	1250
ID:	14	968	208	0	1009	1251
ID:	14	996	209	0	1010	1252
ID:	14	1	210	1	770	63
ID:	14	114	211	1	779	64
ID:	14	224	212	1	780	65
ID:	14	676	213	1	1001	1253
ID:	15	487	214	0	769	319
ID:	15	659	215	0	1115	986
ID:	15	804	216	0	1116	987
ID:	15	827	217	0	1117	988
ID:	15	894	218	0	1118	989
ID:	15	968	219	0	1186	990
ID:	15	18	220	1	735	66
ID:	15	59	221	1	738	67
ID:	15	187	222	1	739	68
ID:	15	194	223	1	746	69
ID:	15	244	224	1	765	70
ID:	15	336	225	1	768	71
ID:	16	673	226	0	733	634
ID:	16	707	227	0	734	1128
ID:	16	803	228	0	1277	1133
ID:	16	815	229	0	1278	1134
ID:	16	869	230	0	1279	1290
ID:	16	19	231	1	707	72
ID:	16	238	232	1	708	73
ID:	16	261	233	1	719	74
ID:	16	388	234	1	730	75
ID:	16	436	235	1	731	76
ID:	16	559	236	1	732	77
ID:	17	411	237	0	720	78
ID:	17	478	238	0	721	241
ID:	17	661	239	0	728	409
ID:	17	708	240	0	729	1154
ID:	17	722	241	0	1260	1155
ID:	17	858	242	0	1266	1172
ID:	17	958	243	0	1267	1173
ID:	17	148	244	1	698	80
ID:	17	164	245	1	699	81
ID:	17	223	246	1	704	82
ID:	17	272	247	1	705	83
ID:	17	351	248	1	706	85
ID:	17	510	249	1	722	242
ID:	17	608	250	1	723	243
ID:	17	613	251	1	724	244
ID:	17	759	252	1	1261	1156
ID:	17	833	253	1	1264	1157
ID:	18	437	254	0	690	90
ID:	18	513	255	0	694	289
ID:	18	827	256	0	697	299
ID:	18	18	257	1	682	86
ID:	18	49	258	1	683	87
ID:	18	79	259	1	685	88
ID:	18	157	260	1	686	89
ID:	18	194	261	1	687	91
ID:	18	320	262	1	688	92
ID:	18	407	263	1	689	93
ID:	18	503	264	1	691	94
ID:	18	628	265	1	695	290
ID:	18	803	266	1	696	291
ID:	19	628	267	0	678	875
ID:	19	722	268	0	679	876
ID:	19	815	269	0	680	877
ID:	19	846	270	0	681	878
ID:	19	943	271	0	1356	879
ID:	19	988	272	0	1357	931
ID:	19	122	273	1	664	95
ID:	19	161	274	1	674	96
ID:	19	229	275	1	675	97
ID:	19	373	276	1	676	98
ID:	19	462	277	1	677	99
ID:	20	140	278	0	1097	23
ID:	20	349	279	0	1112	581
ID:	20	558	280	0	1113	980
ID:	20	749	281	0	1122	981
ID:	20	827	282	0	1123	1000
ID:	20	850	283	0	1124	1001
ID:	20	872	284	0	1125	1002
ID:	20	894	285	0	1126	1100
ID:	20	896	286	0	1127	1101
ID:	20	924	287	0	1128	1102
ID:	20	938	288	0	1129	1103
ID:	20	153	289	1	1098	24
ID:	20	229	290	1	1107	25
ID:	20	620	291	1	1114	982
ID:	20	738	292	1	1119	983
ID:	21	795	293	0	808	60
ID:	21	839	294	0	809	222
ID:	21	856	295	0	810	392
ID:	21	861	296	0	811	1272
ID:	21	869	297	0	812	1273
ID:	21	915	298	0	813	1274
ID:	21	986	299	0	814	1275
ID:	21	282	300	1	652	100
ID:	21	342	301	1	655	101
ID:	21	444	302	1	656	102
ID:	21	514	303	1	657	103
ID:	21	597	304	1	661	104
ID:	21	611	305	1	662	105
ID:	21	690	306	1	663	106
ID:	22	470	307	0	644	543
ID:	22	515	308	0	651	1264
ID:	22	711	309	0	742	1305
ID:	22	976	310	0	743	1306
ID:	22	120	311	1	621	107
ID:	22	175	312	1	632	108
ID:	22	214	313	1	637	109
ID:	22	222	314	1	638	110
ID:	22	449	315	1	643	111
ID:	22	493	316	1	645	544
ID:	22	504	317	1	646	545
ID:	23	31	318	0	611	1277
ID:	23	162	319	0	616	1278
ID:	23	176	320	0	617	1279
ID:	23	232	321	0	619	1280
ID:	23	386	322	0	740	1281
ID:	23	424	323	0	744	1282
ID:	23	552	324	0	745	1283
ID:	23	745	325	0	1290	1284
ID:	23	792	326	0	1291	1285
ID:	23	991	327	0	1292	1286
ID:	23	998	328	0	1293	1287
ID:	23	7	329	1	609	113
ID:	23	64	330	1	612	1288
ID:	23	67	331	1	615	1289
ID:	23	219	332	1	618	1291
ID:	23	259	333	1	620	1301
ID:	23	398	334	1	741	1304
ID:	24	158	335	0	589	307
ID:	24	212	336	0	590	308
ID:	24	257	337	0	599	604
ID:	24	362	338	0	600	605
ID:	24	518	339	0	1219	606
ID:	24	645	340	0	1220	607
ID:	24	973	341	0	1222	608
ID:	24	24	342	1	586	117
ID:	24	57	343	1	588	118
ID:	24	215	344	1	591	309
ID:	24	220	345	1	592	310
ID:	24	242	346	1	598	311
ID:	24	367	347	1	601	609
ID:	24	387	348	1	606	610
ID:	24	645	349	1	1221	611
ID:	25	321	350	0	579	239
ID:	25	438	351	0	581	535
ID:	25	449	352	0	583	721
ID:	25	814	353	0	1252	1298
ID:	25	971	354	0	1253	1299
ID:	25	985	355	0	1254	1300
ID:	25	21	356	1	573	119
ID:	25	43	357	1	574	120
ID:	25	140	358	1	575	121
ID:	25	173	359	1	576	122
ID:	25	191	360	1	577	123
ID:	25	268	361	1	578	124
ID:	25	396	362	1	580	240
ID:	25	448	363	1	582	536
ID:	25	531	364	1	584	722
ID:	25	598	365	1	585	723
ID:	26	530	366	0	570	428
ID:	26	556	367	0	572	429
ID:	26	637	368	0	700	430
ID:	26	679	369	0	1352	431
ID:	26	972	370	0	1353	432
ID:	26	10	371	1	519	125
ID:	26	14	372	1	520	126
ID:	26	25	373	1	521	127
ID:	26	68	374	1	527	128
ID:	26	97	375	1	528	129
ID:	26	136	376	1	537	130
ID:	26	292	377	1	554	131
ID:	26	346	378	1	555	132
ID:	26	550	379	1	571	433
ID:	26	668	380	1	701	434
ID:	27	485	381	0	633	112
ID:	27	715	382	0	971	578
ID:	27	737	383	0	1197	579
ID:	27	765	384	0	1198	1013
ID:	27	898	385	0	1363	1014
ID:	27	904	386	0	1364	1015
ID:	27	931	387	0	1365	1240
ID:	27	992	388	0	1366	1261
ID:	27	999	389	0	1367	1262
ID:	27	80	390	1	485	136
ID:	27	183	391	1	486	137
ID:	27	203	392	1	498	138
ID:	27	288	393	1	499	139
ID:	27	435	394	1	500	140
ID:	27	465	395	1	515	141
ID:	27	542	396	1	634	142
ID:	28	279	397	0	484	449
ID:	28	310	398	0	622	450
ID:	28	618	399	0	630	1087
ID:	28	715	400	0	631	1088
ID:	28	769	401	0	755	1089
ID:	28	823	402	0	905	1090
ID:	28	913	403	0	906	1394
ID:	28	27	404	1	466	143
ID:	28	78	405	1	467	144
ID:	28	135	406	1	468	145
ID:	28	155	407	1	473	146
ID:	28	202	408	1	477	147
ID:	28	214	409	1	483	148
ID:	28	348	410	1	623	451
ID:	28	433	411	1	624	453
ID:	28	608	412	1	629	454
ID:	28	781	413	1	756	1091
ID:	29	314	414	0	459	636
ID:	29	629	415	0	1044	637
ID:	29	733	416	0	1045	1081
ID:	29	932	417	0	1046	1139
ID:	29	41	418	1	452	151
ID:	29	159	419	1	453	152
ID:	29	164	420	1	455	153
ID:	29	172	421	1	456	154
ID:	29	198	422	1	457	156
ID:	29	254	423	1	458	157
ID:	29	316	424	1	460	638
ID:	29	333	425	1	463	639
ID:	29	598	426	1	464	640
ID:	30	313	427	0	450	462
ID:	30	470	428	0	975	463
ID:	30	505	429	0	976	464
ID:	30	580	430	0	978	465
ID:	30	618	431	0	979	512
ID:	30	622	432	0	980	840
ID:	30	650	433	0	981	841
ID:	30	681	434	0	1049	842
ID:	30	102	435	1	446	160
ID:	30	108	436	1	447	161
ID:	30	117	437	1	448	162
ID:	30	300	438	1	449	166
ID:	30	362	439	1	451	466
ID:	30	539	440	1	977	467
ID:	30	863	441	1	1050	843
ID:	31	179	442	0	435	527
ID:	31	240	443	0	441	528
ID:	31	423	444	0	443	538
ID:	31	465	445	0	501	539
ID:	31	570	446	0	502	540
ID:	31	810	447	0	513	558
ID:	31	906	448	0	514	1208
ID:	31	933	449	0	540	1209
ID:	31	962	450	0	961	1210
ID:	31	980	451	0	962	1211
ID:	31	7	452	1	414	167
ID:	31	23	453	1	431	168
ID:	31	144	454	1	433	169
ID:	31	168	455	1	434	170
ID:	31	219	456	1	436	529
ID:	31	271	457	1	442	530
ID:	31	435	458	1	444	541
ID:	31	456	459	1	445	542
ID:	31	579	460	1	503	546
ID:	31	585	461	1	512	547
ID:	32	251	462	0	709	79
ID:	32	267	463	0	710	700
ID:	32	301	464	0	711	701
ID:	32	583	465	0	718	702
ID:	32	703	466	0	1013	703
ID:	32	759	467	0	1014	704
ID:	32	914	468	0	1015	705
ID:	32	927	469	0	1016	1074
ID:	32	26	470	1	392	172
ID:	32	84	471	1	394	173
ID:	32	136	472	1	395	174
ID:	32	147	473	1	399	175
ID:	32	155	474	1	400	176
ID:	32	368	475	1	712	706
ID:	32	456	476	1	716	707
ID:	32	495	477	1	717	708
ID:	33	162	478	0	389	411
ID:	33	242	479	0	665	412
ID:	33	547	480	0	671	787
ID:	33	602	481	0	673	788
ID:	33	765	482	0	1131	789
ID:	33	786	483	0	1132	790
ID:	33	854	484	0	1135	791
ID:	33	865	485	0	1136	1092
ID:	33	889	486	0	1137	1093
ID:	33	892	487	0	1138	1359
ID:	33	937	488	0	1139	1360
ID:	33	125	489	1	387	179
ID:	33	129	490	1	388	185
ID:	33	177	491	1	390	413
ID:	33	282	492	1	666	414
ID:	33	361	493	1	667	415
ID:	33	453	494	1	668	419
ID:	33	555	495	1	672	792
ID:	33	790	496	1	1133	793
ID:	33	954	497	1	1140	1361
ID:	34	458	498	0	382	504
ID:	34	710	499	0	386	655
ID:	34	735	500	0	437	656
ID:	34	954	501	0	440	657
ID:	34	959	502	0	1329	1373
ID:	34	333	503	1	381	187
ID:	34	498	504	1	383	505
ID:	34	636	505	1	384	506
ID:	34	643	506	1	385	507
ID:	34	755	507	1	438	658
ID:	34	877	508	1	439	659
ID:	35	364	509	0	375	934
ID:	35	395	510	0	376	935
ID:	35	402	511	0	377	936
ID:	35	629	512	0	545	937
ID:	35	647	513	0	546	1051
ID:	35	696	514	0	547	1052
ID:	35	757	515	0	548	1197
ID:	35	821	516	0	736	1198
ID:	35	919	517	0	901	1199
ID:	35	938	518	0	916	1200
ID:	35	972	519	0	917	1201
ID:	35	14	520	1	369	188
ID:	35	25	521	1	373	189
ID:	35	171	522	1	374	190
ID:	35	417	523	1	378	938
ID:	35	428	524	1	379	940
ID:	35	556	525	1	380	951
ID:	35	841	526	1	737	1202
ID:	36	453	527	0	613	1307
ID:	36	710	528	0	989	1308
ID:	36	722	529	0	991	1309
ID:	36	874	530	0	992	1310
ID:	36	60	531	1	361	192
ID:	36	103	532	1	362	193
ID:	36	178	533	1	363	194
ID:	36	186	534	1	364	195
ID:	36	231	535	1	365	196
ID:	36	278	536	1	366	197
ID:	36	346	537	1	367	198
ID:	36	373	538	1	368	199
ID:	36	513	539	1	614	1311
ID:	36	714	540	1	990	1312
ID:	37	346	541	0	1143	22
ID:	37	511	542	0	1145	572
ID:	37	521	543	0	1146	573
ID:	37	588	544	0	1155	939
ID:	37	627	545	0	1156	1321
ID:	37	767	546	0	1160	1322
ID:	37	796	547	0	1161	1323
ID:	37	822	548	0	1162	1324
ID:	37	878	549	0	1167	1325
ID:	37	16	550	1	353	200
ID:	37	23	551	1	358	201
ID:	37	155	552	1	359	202
ID:	37	242	553	1	360	203
ID:	37	487	554	1	1144	204
ID:	37	533	555	1	1147	574
ID:	37	570	556	1	1152	575
ID:	37	657	557	1	1157	1326
ID:	37	676	558	1	1159	1327
ID:	37	836	559	1	1163	1330
ID:	38	156	560	0	401	177
ID:	38	198	561	0	405	1141
ID:	38	279	562	0	406	1142
ID:	38	310	563	0	407	1143
ID:	38	805	564	0	413	1144
ID:	38	934	565	0	1339	1145
ID:	38	56	566	1	346	206
ID:	38	62	567	1	347	209
ID:	38	80	568	1	352	210
ID:	38	175	569	1	402	211
ID:	38	335	570	1	408	1146
ID:	38	357	571	1	409	1186
ID:	38	545	572	1	410	1196
ID:	38	599	573	1	411	1205
ID:	38	643	574	1	412	1207
ID:	39	271	575	0	345	596
ID:	39	320	576	0	370	597
ID:	39	479	577	0	372	598
ID:	39	712	578	0	1018	697
ID:	39	713	579	0	1019	759
ID:	39	758	580	0	1020	760
ID:	39	943	581	0	1024	761
ID:	39	140	582	1	338	215
ID:	39	155	583	1	339	216
ID:	39	263	584	1	342	217
ID:	39	399	585	1	371	599
ID:	39	809	586	1	1021	762
ID:	40	564	587	0	454	158
ID:	40	640	588	0	692	159
ID:	40	833	589	0	1085	1363
ID:	40	868	590	0	1086	1364
ID:	40	908	591	0	1087	1365
ID:	40	217	592	1	328	219
ID:	40	232	593	1	333	220
ID:	40	367	594	1	334	221
ID:	40	408	595	1	335	223
ID:	40	493	596	1	336	224
ID:	40	812	597	1	693	225
ID:	41	300	598	0	323	909
ID:	41	526	599	0	325	910
ID:	41	537	600	0	326	911
ID:	41	706	601	0	835	1174
ID:	41	883	602	0	1299	1175
ID:	41	51	603	1	315	227
ID:	41	126	604	1	319	228
ID:	41	196	605	1	322	229
ID:	41	366	606	1	324	912
ID:	41	639	607	1	327	922
ID:	41	736	608	1	836	1176
ID:	42	588	609	0	1226	15
ID:	42	715	610	0	1227	293
ID:	42	922	611	0	1228	294
ID:	42	946	612	0	1229	1116
ID:	42	961	613	0	1230	1117
ID:	42	40	614	1	296	233
ID:	42	68	615	1	297	234
ID:	42	131	616	1	301	235
ID:	42	135	617	1	311	236
ID:	42	225	618	1	312	238
ID:	42	285	619	1	313	246
ID:	42	321	620	1	314	247
ID:	43	360	621	0	291	1039
ID:	43	433	622	0	771	1040
ID:	43	491	623	0	772	1041
ID:	43	558	624	0	773	1042
ID:	43	676	625	0	775	1043
ID:	43	694	626	0	776	1044
ID:	43	749	627	0	777	1045
ID:	43	777	628	0	778	1046
ID:	43	883	629	0	1236	1047
ID:	43	965	630	0	1237	1048
ID:	43	967	631	0	1238	1049
ID:	43	34	632	1	288	251
ID:	43	110	633	1	289	252
ID:	43	223	634	1	290	253
ID:	43	377	635	1	292	1050
ID:	43	397	636	1	293	1053
ID:	43	403	637	1	294	1056
ID:	43	411	638	1	295	1057
ID:	43	609	639	1	774	1061
ID:	44	443	640	0	287	817
ID:	44	480	641	0	956	818
ID:	44	527	642	0	957	819
ID:	44	583	643	0	958	820
ID:	44	713	644	0	959	821
ID:	44	858	645	0	963	822
ID:	44	863	646	0	1303	823
ID:	44	888	647	0	1304	824
ID:	44	919	648	0	1305	825
ID:	44	932	649	0	1306	826
ID:	44	952	650	0	1360	827
ID:	44	8	651	1	279	254
ID:	44	181	652	1	280	255
ID:	44	191	653	1	281	256
ID:	44	225	654	1	286	257
ID:	44	767	655	1	960	828
ID:	45	113	656	0	529	134
ID:	45	261	657	0	536	302
ID:	45	462	658	0	816	303
ID:	45	492	659	0	856	304
ID:	45	551	660	0	857	305
ID:	45	567	661	0	858	881
ID:	45	660	662	0	1055	882
ID:	45	665	663	0	1056	883
ID:	45	780	664	0	1059	884
ID:	45	835	665	0	1060	885
ID:	45	864	666	0	1061	886
ID:	45	900	667	0	1062	1390
ID:	45	964	668	0	1080	1391
ID:	45	969	669	0	1081	1392
ID:	45	8	670	1	277	259
ID:	45	14	671	1	278	260
ID:	45	190	672	1	530	261
ID:	45	617	673	1	859	887
ID:	45	775	674	1	1057	888
ID:	46	124	675	0	266	735
ID:	46	491	676	0	273	736
ID:	46	809	677	0	1285	737
ID:	46	845	678	0	1286	738
ID:	46	870	679	0	1287	739
ID:	46	944	680	0	1288	740
ID:	46	51	681	1	264	263
ID:	46	114	682	1	265	275
ID:	46	137	683	1	267	741
ID:	46	221	684	1	268	742
ID:	46	225	685	1	269	749
ID:	46	251	686	1	270	752
ID:	46	299	687	1	271	753
ID:	46	388	688	1	272	754
ID:	46	621	689	1	274	764
ID:	46	640	690	1	276	765
ID:	47	241	691	0	865	55
ID:	47	331	692	0	866	324
ID:	47	593	693	0	870	325
ID:	47	779	694	0	874	727
ID:	47	928	695	0	875	728
ID:	47	932	696	0	876	920
ID:	47	102	697	1	261	282
ID:	47	104	698	1	262	283
ID:	47	205	699	1	263	284
ID:	47	346	700	1	867	326
ID:	47	479	701	1	868	327
ID:	47	691	702	1	871	328
ID:	48	435	703	0	282	258
ID:	48	641	704	0	504	548
ID:	48	814	705	0	506	549
ID:	48	821	706	0	507	550
ID:	48	948	707	0	509	683
ID:	48	960	708	0	510	684
ID:	48	968	709	0	511	870
ID:	48	279	710	1	259	285
ID:	48	409	711	1	260	287
ID:	48	460	712	1	283	288
ID:	48	524	713	1	284	292
ID:	48	627	714	1	285	295
ID:	48	753	715	1	505	551
ID:	48	849	716	1	508	552
ID:	49	198	717	0	298	250
ID:	49	510	718	0	749	730
ID:	49	540	719	0	752	845
ID:	49	730	720	0	1148	846
ID:	49	803	721	0	1149	847
ID:	49	863	722	0	1150	1070
ID:	49	923	723	0	1151	1313
ID:	49	96	724	1	258	296
ID:	49	237	725	1	299	297
ID:	49	327	726	1	300	298
ID:	49	529	727	1	750	731
ID:	49	630	728	1	753	848
ID:	49	714	729	1	754	849
ID:	49	724	730	1	757	850
ID:	50	437	731	0	925	271
ID:	50	499	732	0	926	272
ID:	50	774	733	0	927	273
ID:	50	804	734	0	928	274
ID:	50	959	735	0	1164	1331
ID:	50	972	736	0	1165	1332
ID:	50	984	737	0	1166	1333
ID:	50	10	738	1	254	300
ID:	50	83	739	1	255	301
ID:	50	151	740	1	256	306
ID:	50	343	741	1	257	313
ID:	51	282	742	0	250	358
ID:	51	462	743	0	639	359
ID:	51	478	744	0	640	1162
ID:	51	687	745	0	833	1163
ID:	51	779	746	0	838	1164
ID:	51	798	747	0	839	1165
ID:	51	863	748	0	840	1166
ID:	51	996	749	0	841	1167
ID:	51	53	750	1	246	314
ID:	51	100	751	1	247	315
ID:	51	153	752	1	248	316
ID:	51	239	753	1	249	317
ID:	51	442	754	1	251	360
ID:	51	617	755	1	641	1168
ID:	51	679	756	1	642	1169
ID:	51	693	757	1	834	1170
ID:	51	705	758	1	837	1171
ID:	52	560	759	0	243	389
ID:	52	661	760	0	245	475
ID:	52	670	761	0	818	476
ID:	52	694	762	0	819	775
ID:	52	954	763	0	821	776
ID:	52	15	764	1	233	318
ID:	52	19	765	1	234	320
ID:	52	33	766	1	235	321
ID:	52	79	767	1	236	322
ID:	52	174	768	1	241	323
ID:	52	177	769	1	242	329
ID:	52	630	770	1	244	390
ID:	52	723	771	1	820	777
ID:	53	532	772	0	348	214
ID:	53	542	773	0	349	469
ID:	53	817	774	0	1071	1386
ID:	53	913	775	0	1072	1387
ID:	53	929	776	0	1158	1388
ID:	53	80	777	1	223	331
ID:	53	146	778	1	224	332
ID:	53	212	779	1	231	333
ID:	53	330	780	1	232	335
ID:	53	556	781	1	350	470
ID:	53	582	782	1	351	473
ID:	54	483	783	0	474	149
ID:	54	764	784	0	476	872
ID:	54	901	785	0	911	1032
ID:	54	909	786	0	912	1033
ID:	54	991	787	0	913	1034
ID:	54	88	788	1	218	337
ID:	54	157	789	1	219	338
ID:	54	427	790	1	220	339
ID:	54	680	791	1	475	340
ID:	55	167	792	0	204	533
ID:	55	509	793	0	216	1094
ID:	55	554	794	0	217	1095
ID:	55	707	795	0	465	1096
ID:	55	761	796	0	635	1097
ID:	55	952	797	0	1319	1098
ID:	55	53	798	1	203	341
ID:	55	184	799	1	205	534
ID:	55	283	800	1	206	537
ID:	55	364	801	1	207	553
ID:	55	448	802	1	215	554
ID:	55	877	803	1	636	1099
ID:	56	528	804	0	201	1219
ID:	56	807	805	0	391	1220
ID:	56	835	806	0	432	1221
ID:	56	950	807	0	1030	1222
ID:	56	107	808	1	196	342
ID:	56	121	809	1	198	343
ID:	56	239	810	1	199	344
ID:	56	410	811	1	200	345
ID:	56	606	812	1	202	1223
ID:	57	234	813	0	329	226
ID:	57	583	814	0	332	865
ID:	57	635	815	0	396	866
ID:	57	685	816	0	397	867
ID:	57	788	817	0	647	868
ID:	57	820	818	0	648	1193
ID:	57	863	819	0	649	1194
ID:	57	914	820	0	650	1195
ID:	57	38	821	1	190	346
ID:	57	141	822	1	191	357
ID:	57	172	823	1	194	361
ID:	57	443	824	1	330	362
ID:	57	553	825	1	331	363
ID:	57	757	826	1	398	869
ID:	58	301	827	0	316	231
ID:	58	385	828	0	556	232
ID:	58	501	829	0	564	385
ID:	58	564	830	0	565	755
ID:	58	661	831	0	566	756
ID:	58	889	832	0	569	757
ID:	58	920	833	0	1374	1026
ID:	58	921	834	0	1375	1027
ID:	58	947	835	0	1376	1028
ID:	58	978	836	0	1377	1126
ID:	58	7	837	1	182	372
ID:	58	74	838	1	183	373
ID:	58	110	839	1	184	374
ID:	58	330	840	1	317	375
ID:	58	353	841	1	318	376
ID:	58	424	842	1	557	377
ID:	58	498	843	1	563	378
ID:	58	689	844	1	567	758
ID:	58	748	845	1	568	763
ID:	59	468	846	0	393	178
ID:	59	702	847	0	607	612
ID:	59	806	848	0	786	613
ID:	59	889	849	0	1343	747
ID:	59	942	850	0	1344	748
ID:	59	958	851	0	1345	954
ID:	59	50	852	1	172	381
ID:	59	91	853	1	173	384
ID:	59	142	854	1	174	386
ID:	59	159	855	1	175	387
ID:	59	216	856	1	176	388
ID:	59	316	857	1	177	391
ID:	59	371	858	1	178	393
ID:	59	430	859	1	179	394
ID:	59	436	860	1	181	395
ID:	59	725	861	1	608	614
ID:	60	206	862	0	225	336
ID:	60	324	863	0	226	399
ID:	60	351	864	0	228	779
ID:	60	547	865	0	343	780
ID:	60	634	866	0	428	781
ID:	60	781	867	0	1171	900
ID:	60	786	868	0	1172	901
ID:	60	960	869	0	1174	1054
ID:	60	965	870	0	1175	1055
ID:	60	995	871	0	1176	1385
ID:	60	128	872	1	164	396
ID:	60	162	873	1	166	397
ID:	60	174	874	1	167	398
ID:	60	205	875	1	168	400
ID:	60	342	876	1	227	401
ID:	60	489	877	1	229	782
ID:	60	520	878	1	230	786
ID:	60	563	879	1	344	794
ID:	60	958	880	1	1173	902
ID:	61	718	881	0	882	50
ID:	61	766	882	0	884	334
ID:	61	879	883	0	941	993
ID:	61	946	884	0	942	994
ID:	61	964	885	0	943	995
ID:	61	386	886	1	160	403
ID:	61	570	887	1	161	404
ID:	61	585	888	1	162	405
ID:	61	594	889	1	163	406
ID:	61	747	890	1	883	407
ID:	61	810	891	1	885	408
ID:	62	450	892	0	155	862
ID:	62	780	893	0	159	863
ID:	62	890	894	0	1120	984
ID:	62	975	895	0	1121	985
ID:	62	7	896	1	149	410
ID:	62	332	897	1	150	421
ID:	62	532	898	1	156	864
ID:	62	602	899	1	157	871
ID:	62	644	900	1	158	873
ID:	63	97	901	0	522	135
ID:	63	215	902	0	524	163
ID:	63	277	903	0	525	164
ID:	63	471	904	0	587	165
ID:	63	793	905	0	669	420
ID:	63	832	906	0	828	1335
ID:	63	912	907	0	1337	1336
ID:	63	40	908	1	148	424
ID:	63	102	909	1	523	425
ID:	63	412	910	1	526	426
ID:	63	824	911	1	670	427
ID:	64	103	912	0	415	171
ID:	64	494	913	0	593	312
ID:	64	570	914	0	594	1187
ID:	64	632	915	0	595	1188
ID:	64	746	916	0	596	1189
ID:	64	825	917	0	653	1190
ID:	64	864	918	0	654	1191
ID:	64	4	919	1	146	435
ID:	64	44	920	1	147	436
ID:	64	184	921	1	416	439
ID:	64	213	922	1	417	440
ID:	64	345	923	1	425	441
ID:	64	378	924	1	426	442
ID:	64	385	925	1	427	443
ID:	64	405	926	1	429	444
ID:	64	435	927	1	430	445
ID:	64	774	928	1	597	1192
ID:	65	148	929	0	145	624
ID:	65	211	930	0	478	625
ID:	65	410	931	0	481	626
ID:	65	505	932	0	869	627
ID:	65	795	933	0	1103	973
ID:	65	2	934	1	143	448
ID:	65	129	935	1	144	458
ID:	65	248	936	1	479	628
ID:	65	384	937	1	480	629
ID:	65	442	938	1	482	630
ID:	66	165	939	0	137	515
ID:	66	551	940	0	1271	619
ID:	66	866	941	0	1272	695
ID:	66	939	942	0	1273	696
ID:	66	85	943	1	136	460
ID:	66	270	944	1	138	516
ID:	66	277	945	1	139	517
ID:	66	283	946	1	140	520
ID:	66	407	947	1	141	523
ID:	66	412	948	1	142	525
ID:	67	332	949	0	320	230
ID:	67	351	950	0	321	286
ID:	67	414	951	0	792	356
ID:	67	716	952	0	800	524
ID:	67	731	953	0	801	1065
ID:	67	779	954	0	803	1066
ID:	67	791	955	0	804	1067
ID:	67	839	956	0	805	1068
ID:	67	27	957	1	130	461
ID:	67	36	958	1	131	468
ID:	67	179	959	1	132	474
ID:	67	231	960	1	133	477
ID:	67	260	961	1	134	480
ID:	67	321	962	1	135	481
ID:	67	466	963	1	793	482
ID:	67	661	964	1	794	483
ID:	67	677	965	1	795	484
ID:	67	733	966	1	802	1069
ID:	68	348	967	0	151	422
ID:	68	722	968	0	165	423
ID:	68	939	969	0	751	732
ID:	68	190	970	1	127	485
ID:	68	256	971	1	128	486
ID:	68	298	972	1	129	487
ID:	68	425	973	1	152	488
ID:	68	574	974	1	153	489
ID:	68	600	975	1	154	490
ID:	69	231	976	0	169	402
ID:	69	398	977	0	170	494
ID:	69	416	978	0	208	555
ID:	69	626	979	0	211	996
ID:	69	769	980	0	214	997
ID:	69	896	981	0	221	998
ID:	69	981	982	0	222	1105
ID:	69	23	983	1	117	491
ID:	69	67	984	1	118	492
ID:	69	99	985	1	119	493
ID:	69	103	986	1	120	495
ID:	69	119	987	1	126	496
ID:	69	399	988	1	171	497
ID:	69	426	989	1	209	556
ID:	69	598	990	1	210	557
ID:	69	631	991	1	212	999
ID:	69	712	992	1	213	1003
ID:	70	253	993	0	302	248
ID:	70	624	994	0	337	249
ID:	70	654	995	0	558	379
ID:	70	749	996	0	559	1224
ID:	70	853	997	0	561	1225
ID:	70	904	998	0	562	1226
ID:	70	935	999	0	1041	1227
ID:	70	10	1000	1	116	501
ID:	70	253	1001	1	303	502
ID:	70	340	1002	1	304	503
ID:	70	449	1003	1	305	508
ID:	70	483	1004	1	306	511
ID:	70	524	1005	1	307	513
ID:	70	591	1006	1	310	514
ID:	70	773	1007	1	560	1228
ID:	71	150	1008	0	113	956
ID:	71	240	1009	0	197	957
ID:	71	301	1010	0	684	958
ID:	71	409	1011	0	1034	959
ID:	71	512	1012	0	1035	960
ID:	71	584	1013	0	1036	961
ID:	71	593	1014	0	1099	962
ID:	71	641	1015	0	1100	963
ID:	71	659	1016	0	1101	964
ID:	71	895	1017	0	1104	965
ID:	71	979	1018	0	1105	1302
ID:	71	984	1019	0	1106	1303
ID:	71	5	1020	1	111	526
ID:	71	123	1021	1	112	532
ID:	71	157	1022	1	114	966
ID:	71	168	1023	1	115	971
ID:	71	724	1024	1	1102	972
ID:	72	391	1025	0	954	42
ID:	72	538	1026	0	968	531
ID:	72	760	1027	0	1077	1377
ID:	72	813	1028	0	1078	1378
ID:	72	892	1029	0	1333	1379
ID:	72	213	1030	1	109	559
ID:	72	372	1031	1	110	560
ID:	72	392	1032	1	955	569
ID:	72	443	1033	1	964	570
ID:	72	484	1034	1	967	571
ID:	72	578	1035	1	969	576
ID:	72	681	1036	1	970	577
ID:	72	835	1037	1	1079	1380
ID:	73	273	1038	0	105	674
ID:	73	467	1039	0	252	675
ID:	73	894	1040	0	308	676
ID:	73	944	1041	0	1193	1011
ID:	73	25	1042	1	100	580
ID:	73	65	1043	1	101	582
ID:	73	157	1044	1	102	583
ID:	73	209	1045	1	103	584
ID:	73	222	1046	1	104	585
ID:	73	330	1047	1	106	677
ID:	73	364	1048	1	107	678
ID:	73	381	1049	1	108	679
ID:	73	659	1050	1	253	681
ID:	73	918	1051	1	309	682
ID:	74	146	1052	0	192	370
ID:	74	297	1053	0	487	371
ID:	74	353	1054	0	489	832
ID:	74	616	1055	0	496	833
ID:	74	778	1056	0	497	834
ID:	74	839	1057	0	702	835
ID:	74	953	1058	0	703	836
ID:	74	1	1059	1	97	588
ID:	74	27	1060	1	98	590
ID:	74	133	1061	1	99	591
ID:	74	175	1062	1	193	592
ID:	74	315	1063	1	488	593
ID:	74	531	1064	1	490	837
ID:	75	289	1065	0	96	1119
ID:	75	311	1066	0	123	1120
ID:	75	502	1067	0	602	1121
ID:	75	625	1068	0	603	1122
ID:	75	669	1069	0	604	1123
ID:	75	678	1070	0	605	1124
ID:	75	837	1071	0	1262	1159
ID:	75	978	1072	0	1263	1160
ID:	75	38	1073	1	93	594
ID:	75	90	1074	1	94	595
ID:	75	264	1075	1	95	600
ID:	75	323	1076	1	124	1125
ID:	76	97	1077	0	91	857
ID:	76	435	1078	0	831	858
ID:	76	557	1079	0	843	913
ID:	76	640	1080	0	845	914
ID:	76	764	1081	0	847	915
ID:	76	778	1082	0	848	916
ID:	76	918	1083	0	849	917
ID:	76	922	1084	0	1134	918
ID:	76	15	1085	1	88	601
ID:	76	18	1086	1	89	602
ID:	76	68	1087	1	90	603
ID:	76	265	1088	1	92	859
ID:	76	540	1089	1	832	860
ID:	76	541	1090	1	842	861
ID:	76	590	1091	1	844	919
ID:	76	644	1092	1	846	921
ID:	77	191	1093	0	403	212
ID:	77	406	1094	0	1269	213
ID:	77	545	1095	0	1275	1130
ID:	77	762	1096	0	1280	1131
ID:	77	49	1097	1	87	615
ID:	77	206	1098	1	404	616
ID:	77	472	1099	1	1270	617
ID:	77	535	1100	1	1274	618
ID:	77	691	1101	1	1276	1132
ID:	78	523	1102	0	1369	567
ID:	78	525	1103	0	1370	568
ID:	78	606	1104	0	1371	815
ID:	78	708	1105	0	1372	1023
ID:	78	833	1106	0	1378	1024
ID:	78	895	1107	0	1379	1328
ID:	78	984	1108	0	1380	1329
ID:	78	11	1109	1	79	622
ID:	78	34	1110	1	80	623
ID:	78	64	1111	1	81	632
ID:	78	109	1112	1	82	633
ID:	78	112	1113	1	83	635
ID:	78	118	1114	1	84	646
ID:	78	138	1115	1	85	654
ID:	78	176	1116	1	86	660
ID:	78	746	1117	1	1373	1025
ID:	79	327	1118	0	418	446
ID:	79	358	1119	0	420	1147
ID:	79	721	1120	0	424	1148
ID:	79	733	1121	0	491	1149
ID:	79	790	1122	0	493	1150
ID:	79	827	1123	0	494	1151
ID:	79	832	1124	0	495	1152
ID:	79	344	1125	1	419	447
ID:	79	359	1126	1	421	1153
ID:	79	388	1127	1	422	1161
ID:	79	401	1128	1	423	1180
ID:	79	754	1129	1	492	1185
ID:	80	140	1130	0	538	133
ID:	80	248	1131	0	541	237
ID:	80	272	1132	0	542	620
ID:	80	533	1133	0	549	621
ID:	80	719	1134	0	553	1233
ID:	80	754	1135	0	658	1234
ID:	80	765	1136	0	659	1235
ID:	80	768	1137	0	660	1236
ID:	80	780	1138	0	1325	1374
ID:	80	833	1139	0	1326	1375
ID:	80	934	1140	0	1327	1376
ID:	80	3	1141	1	77	661
ID:	80	75	1142	1	78	666
ID:	80	174	1143	1	539	667
ID:	80	377	1144	1	543	668
ID:	80	447	1145	1	544	670
ID:	80	561	1146	1	550	671
ID:	80	633	1147	1	551	672
ID:	80	713	1148	1	552	673
ID:	81	146	1149	0	610	114
ID:	81	169	1150	0	987	115
ID:	81	676	1151	0	1026	116
ID:	81	715	1152	0	1027	967
ID:	81	810	1153	0	1028	968
ID:	81	925	1154	0	1031	969
ID:	81	89	1155	1	75	685
ID:	81	108	1156	1	76	686
ID:	81	195	1157	1	988	687
ID:	81	203	1158	1	993	688
ID:	81	382	1159	1	1011	689
ID:	81	406	1160	1	1012	692
ID:	81	637	1161	1	1017	693
ID:	81	642	1162	1	1025	694
ID:	81	897	1163	1	1029	970
ID:	82	265	1164	0	354	205
ID:	82	318	1165	0	356	647
ID:	82	422	1166	0	747	648
ID:	82	578	1167	0	760	649
ID:	82	596	1168	0	761	650
ID:	82	836	1169	0	763	651
ID:	82	995	1170	0	764	652
ID:	82	998	1171	0	782	653
ID:	82	74	1172	1	71	699
ID:	82	134	1173	1	72	711
ID:	82	218	1174	1	73	712
ID:	82	242	1175	1	74	719
ID:	82	316	1176	1	355	720
ID:	82	390	1177	1	357	724
ID:	82	434	1178	1	748	725
ID:	82	526	1179	1	759	726
ID:	82	683	1180	1	762	729
ID:	83	252	1181	0	1232	14
ID:	83	316	1182	0	1233	32
ID:	83	406	1183	0	1234	521
ID:	83	418	1184	0	1240	522
ID:	83	425	1185	0	1241	690
ID:	83	565	1186	0	1248	691
ID:	83	650	1187	0	1249	1243
ID:	83	660	1188	0	1250	1292
ID:	83	744	1189	0	1255	1293
ID:	83	792	1190	0	1256	1294
ID:	83	917	1191	0	1257	1295
ID:	83	951	1192	0	1258	1296
ID:	83	81	1193	1	66	733
ID:	83	106	1194	1	67	734
ID:	83	144	1195	1	68	774
ID:	83	153	1196	1	69	778
ID:	83	221	1197	1	70	795
ID:	83	407	1198	1	1235	796
ID:	83	412	1199	1	1239	797
ID:	83	516	1200	1	1242	798
ID:	83	684	1201	1	1251	1297
ID:	84	409	1202	0	237	330
ID:	84	488	1203	0	238	974
ID:	84	805	1204	0	1201	975
ID:	84	859	1205	0	1202	1203
ID:	84	951	1206	0	1203	1204
ID:	84	1	1207	1	64	804
ID:	84	374	1208	1	65	805
ID:	84	551	1209	1	239	976
ID:	84	630	1210	1	240	977
ID:	85	304	1211	0	891	281
ID:	85	688	1212	0	895	941
ID:	85	828	1213	0	897	942
ID:	85	874	1214	0	898	943
ID:	85	879	1215	0	899	944
ID:	85	908	1216	0	902	945
ID:	85	975	1217	0	965	946
ID:	85	990	1218	0	966	947
ID:	85	994	1219	0	1141	1362
ID:	85	96	1220	1	61	806
ID:	85	161	1221	1	62	807
ID:	85	280	1222	1	63	812
ID:	85	324	1223	1	892	813
ID:	85	489	1224	1	893	814
ID:	85	547	1225	1	894	816
ID:	85	702	1226	1	896	948
ID:	85	901	1227	1	900	950
ID:	86	482	1228	0	713	709
ID:	86	528	1229	0	715	710
ID:	86	559	1230	0	1074	1381
ID:	86	889	1231	0	1075	1382
ID:	86	916	1232	0	1153	1383
ID:	86	81	1233	1	54	829
ID:	86	130	1234	1	55	830
ID:	86	167	1235	1	56	831
ID:	86	256	1236	1	57	838
ID:	86	273	1237	1	58	839
ID:	86	287	1238	1	59	844
ID:	86	321	1239	1	60	851
ID:	86	521	1240	1	714	854
ID:	86	958	1241	1	1154	1384
ID:	87	665	1242	0	1224	16
ID:	87	715	1243	0	1243	799
ID:	87	764	1244	0	1244	800
ID:	87	797	1245	0	1245	801
ID:	87	926	1246	0	1246	802
ID:	87	983	1247	0	1247	803
ID:	87	75	1248	1	48	856
ID:	87	99	1249	1	49	874
ID:	87	265	1250	1	50	880
ID:	87	341	1251	1	51	891
ID:	87	481	1252	1	52	892
ID:	87	530	1253	1	53	894
ID:	88	188	1254	0	121	498
ID:	88	436	1255	0	461	641
ID:	88	555	1256	0	1039	642
ID:	88	808	1257	0	1042	643
ID:	88	209	1258	1	122	499
ID:	88	322	1259	1	125	500
ID:	88	554	1260	1	462	644
ID:	88	732	1261	1	1040	645
ID:	89	402	1262	0	1169	21
ID:	89	450	1263	0	1177	155
ID:	89	486	1264	0	1178	669
ID:	89	525	1265	0	1187	1005
ID:	89	569	1266	0	1188	1006
ID:	89	776	1267	0	1189	1007
ID:	89	871	1268	0	1190	1008
ID:	89	876	1269	0	1191	1009
ID:	89	987	1270	0	1194	1238
ID:	89	118	1271	1	46	895
ID:	89	219	1272	1	47	896
ID:	89	442	1273	1	1170	897
ID:	89	499	1274	1	1179	898
ID:	89	519	1275	1	1185	899
ID:	89	884	1276	1	1192	1010
ID:	90	466	1277	0	931	270
ID:	90	787	1278	0	932	1266
ID:	90	996	1279	0	936	1267
ID:	90	99	1280	1	40	903
ID:	90	206	1281	1	41	908
ID:	90	211	1282	1	42	932
ID:	90	278	1283	1	43	933
ID:	90	362	1284	1	44	952
ID:	90	411	1285	1	45	953
ID:	90	917	1286	1	933	1268
ID:	91	355	1287	0	195	364
ID:	91	483	1288	0	516	365
ID:	91	517	1289	0	517	366
ID:	91	551	1290	0	766	367
ID:	91	675	1291	0	767	368
ID:	91	717	1292	0	938	369
ID:	91	772	1293	0	944	589
ID:	91	833	1294	0	945	852
ID:	91	917	1295	0	946	853
ID:	91	15	1296	1	38	955
ID:	91	96	1297	1	39	978
ID:	91	518	1298	1	518	979
ID:	91	726	1299	1	939	991
ID:	91	757	1300	1	940	992
ID:	92	358	1301	0	185	380
ID:	92	364	1302	0	186	904
ID:	92	644	1303	0	189	905
ID:	92	764	1304	0	758	906
ID:	92	780	1305	0	796	907
ID:	92	847	1306	0	797	1217
ID:	92	932	1307	0	798	1218
ID:	92	971	1308	0	799	1229
ID:	92	37	1309	1	35	1004
ID:	92	261	1310	1	36	1012
ID:	92	338	1311	1	37	1016
ID:	92	375	1312	1	187	1017
ID:	92	536	1313	1	188	1035
ID:	93	842	1314	0	275	767
ID:	93	860	1315	0	973	768
ID:	93	936	1316	0	1207	769
ID:	93	950	1317	0	1208	770
ID:	93	979	1318	0	1209	771
ID:	93	984	1319	0	1210	772
ID:	93	999	1320	0	1211	773
ID:	93	160	1321	1	26	1036
ID:	93	182	1322	1	27	1037
ID:	93	212	1323	1	29	1038
ID:	93	230	1324	1	30	1064
ID:	93	382	1325	1	31	1071
ID:	93	451	1326	1	32	1072
ID:	93	596	1327	1	33	1073
ID:	93	799	1328	1	34	1075
ID:	94	497	1329	0	625	455
ID:	94	517	1330	0	626	456
ID:	94	535	1331	0	627	457
ID:	94	689	1332	0	1002	1254
ID:	94	700	1333	0	1003	1255
ID:	94	759	1334	0	1004	1256
ID:	94	798	1335	0	1213	1257
ID:	94	853	1336	0	1214	1258
ID:	94	986	1337	0	1215	1259
ID:	94	13	1338	1	22	1080
ID:	94	101	1339	1	23	1082
ID:	94	136	1340	1	24	1084
ID:	94	475	1341	1	25	1085
ID:	94	560	1342	1	628	1086
ID:	95	7	1343	1	14	1104
ID:	95	198	1344	1	15	1106
ID:	95	200	1345	1	16	1118
ID:	95	296	1346	1	17	1127
ID:	95	393	1347	1	18	1129
ID:	95	624	1348	1	19	1135
ID:	95	805	1349	1	20	1136
ID:	95	834	1350	1	21	1138
ID:	96	434	1351	0	531	262
ID:	96	501	1352	0	533	586
ID:	96	769	1353	0	1383	587
ID:	96	775	1354	0	1384	1058
ID:	96	827	1355	0	1385	1059
ID:	96	851	1356	0	1386	1060
ID:	96	865	1357	0	1387	1215
ID:	96	116	1358	1	12	1140
ID:	96	310	1359	1	13	1212
ID:	96	465	1360	1	532	1213
ID:	96	695	1361	1	534	1214
ID:	96	754	1362	1	535	1216
ID:	97	737	1363	0	28	1076
ID:	97	843	1364	0	180	1077
ID:	97	949	1365	0	888	1078
ID:	97	964	1366	0	889	1079
ID:	97	19	1367	1	7	1230
ID:	97	79	1368	1	8	1231
ID:	97	258	1369	1	9	1232
ID:	97	529	1370	1	10	1237
ID:	97	531	1371	1	11	1239
ID:	98	371	1372	0	469	150
ID:	98	846	1373	0	725	245
ID:	98	869	1374	0	726	1137
ID:	98	875	1375	0	727	1206
ID:	98	927	1376	0	934	1269
ID:	98	967	1377	0	935	1270
ID:	98	12	1378	1	3	1241
ID:	98	28	1379	1	4	1242
ID:	98	181	1380	1	5	1244
ID:	98	205	1381	1	6	1260
ID:	98	491	1382	1	470	1263
ID:	98	582	1383	1	471	1265
ID:	98	651	1384	1	472	1271
ID:	99	356	1385	0	340	218
ID:	99	646	1386	0	341	766
ID:	99	677	1387	0	860	889
ID:	99	858	1388	0	862	890
ID:	99	883	1389	0	1265	1158
ID:	99	11	1390	1	1	1276
ID:	99	155	1391	1	2	1337
ID:	99	849	1392	1	861	1389
ID:	99	871	1393	1	863	1393
