0	1	1
0	13	2
1	2	1
1	14	2
2	3	1
2	16	2
3	4	1
4	5	1
5	6	1
6	7	1
7	8	1
8	9	1
10	11	1
10	369	0
11	12	1
11	6	0
12	13	1
12	271	0
13	14	1
13	650	0
14	15	1
14	385	0
15	16	1
15	1102	0
16	1353	0
17	18	1
17	26	2
18	19	1
18	29	2
19	20	1
20	21	1
21	22	1
22	23	1
24	25	1
24	84	0
25	26	1
25	797	0
26	27	1
26	167	0
27	28	1
27	1029	0
28	29	1
28	146	0
29	849	0
30	31	1
31	32	1
31	47	2
32	33	1
33	34	1
34	35	1
35	36	1
36	37	1
37	38	1
39	40	1
39	339	0
40	41	1
40	1242	0
41	42	1
41	609	0
42	43	1
42	1181	0
43	44	1
43	241	0
44	45	1
44	1094	0
45	46	1
45	177	0
46	47	1
46	602	0
47	646	0
48	49	1
48	57	2
49	50	1
49	58	2
50	51	1
50	59	2
51	52	1
53	54	1
53	278	0
54	55	1
54	482	0
55	56	1
55	541	0
56	57	1
56	1262	0
57	58	1
57	383	0
58	59	1
58	1204	0
59	60	1
59	679	0
60	61	1
60	1316	0
61	1335	0
62	63	1
63	64	1
63	70	2
64	65	1
65	66	1
65	75	2
66	67	1
67	68	1
68	69	1
68	76	2
70	71	1
70	774	0
71	72	1
71	1230	0
72	73	1
72	1027	0
73	74	1
73	166	0
74	75	1
74	589	0
75	76	1
75	4	0
76	487	0
77	78	1
78	79	1
79	80	1
79	95	2
80	81	1
81	82	1
82	83	1
83	84	1
84	85	1
85	86	1
87	88	1
87	1150	0
88	89	1
88	48	0
89	90	1
89	1011	0
90	91	1
90	1182	0
91	92	1
91	1256	0
92	93	1
92	415	0
93	94	1
93	63	0
94	95	1
94	434	0
95	96	1
95	662	0
96	648	0
97	98	1
98	99	1
99	100	1
100	101	1
101	102	1
102	103	1
102	110	2
103	104	1
105	106	1
105	3	0
106	107	1
106	1025	0
107	108	1
107	1315	0
108	109	1
108	428	0
109	110	1
109	1016	0
110	612	0
111	112	1
111	121	2
112	113	1
112	122	2
113	114	1
114	115	1
114	124	2
115	116	1
116	117	1
117	118	1
118	119	1
120	121	1
120	1151	0
121	122	1
121	731	0
122	123	1
122	1277	0
123	124	1
123	1292	0
124	125	1
124	283	0
125	272	0
126	127	1
126	135	2
127	128	1
127	139	2
128	129	1
128	142	2
129	130	1
130	131	1
131	132	1
133	134	1
133	17	0
134	135	1
134	881	0
135	136	1
135	1365	0
136	137	1
136	1211	0
137	138	1
137	543	0
138	139	1
138	402	0
139	140	1
139	1105	0
140	141	1
140	99	0
141	142	1
141	785	0
142	518	0
143	144	1
144	145	1
145	146	1
146	147	1
146	152	2
148	149	1
148	1078	0
149	150	1
149	189	0
150	151	1
150	659	0
151	152	1
151	691	0
152	153	1
152	907	0
153	565	0
154	155	1
155	156	1
156	157	1
156	164	2
157	158	1
158	159	1
159	160	1
160	161	1
162	163	1
162	761	0
163	164	1
163	201	0
164	165	1
164	545	0
165	906	0
166	167	1
167	168	1
168	169	1
168	173	2
169	170	1
171	172	1
171	293	0
172	173	1
172	658	0
173	174	1
173	1138	0
174	502	0
175	176	1
176	177	1
176	184	2
177	178	1
178	179	1
178	186	2
179	180	1
180	181	1
181	182	1
183	184	1
183	1082	0
184	185	1
184	951	0
185	186	1
185	486	0
186	187	1
186	677	0
187	325	0
188	189	1
188	193	2
189	190	1
190	191	1
190	196	2
192	193	1
192	1171	0
193	194	1
193	103	0
194	195	1
194	848	0
195	196	1
195	1269	0
196	1206	0
197	198	1
198	199	1
199	200	1
200	201	1
201	202	1
202	203	1
203	204	1
203	213	2
204	205	1
205	206	1
206	207	1
207	208	1
208	209	1
210	211	1
210	622	0
211	212	1
211	200	0
212	213	1
212	835	0
213	1332	0
214	215	1
215	216	1
216	217	1
217	218	1
218	219	1
220	221	1
220	516	0
221	222	1
221	644	0
222	223	1
222	322	0
223	224	1
223	1166	0
224	225	1
224	1290	0
225	178	0
226	227	1
227	228	1
228	229	1
229	230	1
231	232	1
231	182	0
232	233	1
232	462	0
233	234	1
233	237	0
234	235	1
234	217	0
235	236	1
235	626	0
236	733	0
237	238	1
238	239	1
238	249	2
239	240	1
240	241	1
241	242	1
241	252	2
242	243	1
244	245	1
244	786	0
245	246	1
245	368	0
246	247	1
246	664	0
247	248	1
247	154	0
248	249	1
248	1257	0
249	250	1
249	1291	0
250	251	1
250	1170	0
251	252	1
251	1373	0
252	253	1
252	1071	0
253	1389	0
254	255	1
254	264	2
255	256	1
255	265	2
257	258	1
257	734	0
258	259	1
258	1010	0
259	260	1
259	1154	0
260	261	1
260	254	0
261	262	1
261	288	0
262	263	1
262	1244	0
263	264	1
263	870	0
264	265	1
264	588	0
265	266	1
265	885	0
266	1213	0
267	268	1
268	269	1
269	270	1
270	271	1
271	272	1
273	274	1
273	479	0
274	275	1
274	763	0
275	276	1
275	203	0
276	277	1
276	1247	0
277	732	0
278	279	1
278	289	2
279	280	1
280	281	1
280	291	2
281	282	1
282	283	1
283	284	1
284	285	1
285	286	1
286	287	1
287	288	1
289	290	1
289	1014	0
290	291	1
290	116	0
291	292	1
291	215	0
292	894	0
293	294	1
294	295	1
295	296	1
296	297	1
297	298	1
298	299	1
300	301	1
300	917	0
300	1081	0
300	1168	0
301	302	1
301	1355	0
302	303	1
302	660	0
303	304	1
303	1135	0
304	305	1
304	549	0
305	306	1
305	1317	0
306	628	0
307	308	1
307	316	2
308	309	1
309	310	1
311	312	1
311	398	0
312	313	1
312	381	0
313	314	1
313	66	0
314	315	1
314	743	0
315	316	1
315	627	0
316	317	1
316	1169	0
317	817	0
318	319	1
318	330	2
319	320	1
320	321	1
320	332	2
321	322	1
321	333	2
322	323	1
322	334	2
323	324	1
324	325	1
325	326	1
326	327	1
327	328	1
329	330	1
329	1149	0
330	331	1
330	527	0
331	332	1
331	230	0
332	333	1
332	1188	0
333	334	1
333	1018	0
334	309	0
335	336	1
336	337	1
336	344	2
337	338	1
338	339	1
338	347	2
339	340	1
340	341	1
340	349	2
342	343	1
342	904	0
343	344	1
343	642	0
344	345	1
344	86	0
345	346	1
345	913	0
346	347	1
346	430	0
347	348	1
347	1067	0
348	349	1
348	847	0
349	1190	0
350	351	1
350	362	2
351	352	1
351	363	2
352	353	1
352	364	2
353	354	1
354	355	1
356	357	1
356	1331	0
357	358	1
357	721	0
358	359	1
358	33	0
359	360	1
359	623	0
360	361	1
360	199	0
361	362	1
361	1186	0
362	363	1
362	238	0
363	364	1
363	1320	0
364	365	1
364	451	0
365	1279	0
366	367	1
366	379	2
367	368	1
368	369	1
368	380	2
369	370	1
371	372	1
371	169	0
372	373	1
372	1013	0
373	374	1
373	901	0
374	375	1
374	613	0
375	376	1
375	656	0
376	377	1
376	1130	0
377	378	1
377	429	0
378	379	1
378	828	0
379	380	1
379	1083	0
380	1057	0
381	382	1
381	396	2
382	383	1
383	384	1
384	385	1
385	386	1
386	387	1
387	388	1
388	389	1
390	391	1
390	916	0
391	392	1
391	1053	0
392	393	1
392	327	0
393	394	1
393	1096	0
394	395	1
394	445	0
395	396	1
395	1288	0
396	796	0
397	398	1
398	399	1
398	410	2
399	400	1
400	401	1
401	402	1
401	413	2
402	403	1
404	405	1
404	903	0
405	406	1
405	319	0
406	407	1
406	1372	0
407	408	1
407	783	0
408	409	1
408	930	0
409	410	1
409	955	0
410	411	1
410	80	0
411	412	1
411	1329	0
412	413	1
412	775	0
413	485	0
414	415	1
414	424	2
415	416	1
416	417	1
418	419	1
418	78	0
419	420	1
419	587	0
420	421	1
420	1133	0
421	422	1
421	1263	0
422	423	1
422	954	0
423	424	1
423	180	0
424	425	1
424	1255	0
425	426	1
425	1055	0
426	795	0
427	428	1
427	439	2
428	429	1
429	430	1
429	440	2
430	431	1
431	432	1
432	433	1
433	434	1
434	441	2
435	436	1
435	209	0
436	437	1
436	831	0
437	438	1
437	902	0
438	439	1
438	446	0
439	440	1
439	1124	0
440	441	1
440	340	0
441	284	0
442	443	1
442	456	2
443	444	1
443	457	2
444	445	1
444	458	2
445	446	1
446	447	1
446	460	2
447	448	1
448	449	1
449	450	1
450	451	1
452	453	1
452	912	0
453	454	1
453	806	0
454	455	1
454	102	0
455	456	1
455	433	0
456	457	1
456	500	0
457	458	1
457	1026	0
458	459	1
458	115	0
459	460	1
459	307	0
460	461	1
460	704	0
461	52	0
462	463	1
463	464	1
464	465	1
464	475	2
465	466	1
466	467	1
467	468	1
468	469	1
470	471	1
470	846	0
471	472	1
471	1123	0
472	473	1
472	815	0
473	474	1
473	367	0
474	475	1
474	560	0
475	476	1
475	1228	0
476	477	1
476	547	0
477	645	0
478	479	1
478	491	2
479	480	1
479	492	2
480	481	1
480	495	2
481	482	1
482	483	1
483	484	1
483	496	2
484	485	1
485	486	1
486	487	1
487	488	1
488	497	2
489	490	1
489	188	0
490	491	1
490	175	0
491	492	1
491	805	0
492	493	1
492	1012	0
493	494	1
493	79	0
494	495	1
494	905	0
495	496	1
495	205	0
496	497	1
496	1084	0
497	1219	0
498	499	1
498	504	2
499	500	1
500	501	1
500	507	2
501	502	1
503	504	1
503	868	0
504	505	1
504	748	0
505	506	1
505	1122	0
506	507	1
506	666	0
507	508	1
507	467	0
508	130	0
509	510	1
510	511	1
511	512	1
511	523	2
512	513	1
513	514	1
514	515	1
515	516	1
516	517	1
516	526	2
517	518	1
518	519	1
520	521	1
520	576	0
521	522	1
521	79	0
522	523	1
522	30	0
523	524	1
523	544	0
524	525	1
524	1212	0
525	526	1
525	834	0
526	1205	0
527	528	1
527	539	2
528	529	1
528	540	2
529	530	1
531	532	1
531	113	0
532	533	1
532	611	0
533	534	1
533	1245	0
534	535	1
534	144	0
535	536	1
535	1289	0
536	537	1
536	400	0
537	538	1
537	693	0
538	539	1
538	324	0
539	540	1
539	156	0
540	723	0
541	542	1
541	554	2
542	543	1
543	544	1
543	555	2
544	545	1
545	546	1
545	557	2
546	547	1
547	548	1
548	549	1
548	559	2
550	551	1
550	1164	0
551	552	1
551	514	0
552	553	1
552	942	0
553	554	1
553	816	0
554	555	1
554	354	0
555	556	1
555	720	0
556	557	1
556	1232	0
557	558	1
557	776	0
558	559	1
558	1107	0
559	735	0
560	561	1
560	569	2
561	562	1
562	563	1
563	564	1
563	570	2
564	565	1
566	567	1
566	77	0
567	568	1
567	772	0
568	569	1
568	168	0
569	570	1
569	1093	0
570	571	1
570	1119	0
571	572	1
571	914	0
572	573	1
572	515	0
573	574	1
573	1375	0
574	448	0
575	576	1
576	577	1
576	585	2
577	578	1
578	579	1
579	580	1
580	581	1
580	586	2
582	583	1
582	269	0
583	584	1
583	1385	0
584	585	1
584	865	0
585	586	1
585	1106	0
586	160	0
587	588	1
588	589	1
588	597	2
589	590	1
590	591	1
592	593	1
592	813	0
593	594	1
593	112	0
594	595	1
594	294	0
595	596	1
595	931	0
596	597	1
596	994	0
597	591	0
598	599	1
598	606	2
599	600	1
600	601	1
600	607	2
601	602	1
601	608	2
603	604	1
603	827	0
604	605	1
604	949	0
605	606	1
605	1319	0
606	607	1
606	1079	0
607	608	1
607	114	0
608	21	0
609	610	1
610	611	1
611	612	1
612	613	1
614	615	1
614	336	0
615	616	1
615	717	0
616	617	1
616	993	0
617	618	1
617	1131	0
618	619	1
618	350	0
619	620	1
619	832	0
620	647	0
621	622	1
621	635	2
622	623	1
623	624	1
624	625	1
624	639	2
625	626	1
626	627	1
627	628	1
628	629	1
629	630	1
630	631	1
632	633	1
632	1015	0
633	634	1
633	1165	0
634	635	1
634	1184	0
635	636	1
635	513	0
636	637	1
636	869	0
637	638	1
637	243	0
638	639	1
638	1354	0
639	131	0
640	641	1
641	642	1
642	643	1
643	644	1
644	645	1
644	655	2
645	646	1
646	647	1
647	648	1
648	649	1
649	650	1
651	652	1
651	1336	0
652	653	1
652	563	0
653	654	1
653	703	0
654	655	1
654	997	0
655	450	0
656	657	1
656	672	2
657	658	1
658	659	1
659	660	1
660	661	1
661	662	1
661	673	2
662	663	1
663	664	1
663	674	2
664	665	1
665	666	1
666	667	1
667	668	1
668	669	1
670	671	1
670	1058	0
671	672	1
671	128	0
672	673	1
672	1351	0
673	674	1
673	1387	0
674	100	0
675	676	1
675	683	2
676	677	1
676	689	2
677	678	1
678	679	1
679	680	1
681	682	1
681	111	0
682	683	1
682	126	0
683	684	1
683	1191	0
684	685	1
684	18	0
685	686	1
685	181	0
686	687	1
686	599	0
687	688	1
687	1137	0
688	689	1
688	830	0
689	690	1
689	1314	0
690	1386	0
691	692	1
692	693	1
692	700	2
693	694	1
693	702	2
694	695	1
695	696	1
697	698	1
697	295	0
698	699	1
698	281	0
699	700	1
699	65	0
700	701	1
700	580	0
701	702	1
701	932	0
702	158	0
703	704	1
703	712	2
704	705	1
704	715	2
705	706	1
706	707	1
706	716	2
707	708	1
708	709	1
710	711	1
710	950	0
711	712	1
711	386	0
712	713	1
712	255	0
713	714	1
713	610	0
714	715	1
714	1070	0
715	716	1
715	22	0
716	299	0
717	718	1
717	725	2
718	719	1
718	727	2
719	720	1
719	728	2
720	721	1
721	722	1
722	723	1
724	725	1
724	355	0
725	726	1
725	915	0
726	727	1
726	256	0
727	728	1
727	969	0
728	729	1
728	161	0
729	730	1
729	401	0
730	1304	0
731	732	1
732	733	1
733	734	1
734	735	1
735	736	1
736	737	1
738	739	1
738	706	0
739	740	1
739	657	0
740	741	1
740	335	0
741	468	0
742	743	1
742	754	2
743	744	1
744	745	1
744	755	2
745	746	1
745	757	2
746	747	1
747	748	1
748	749	1
750	751	1
750	179	0
751	752	1
751	695	0
752	753	1
752	1192	0
753	754	1
753	747	0
754	755	1
754	1039	0
755	756	1
755	68	0
756	757	1
756	297	0
757	758	1
757	601	0
758	242	0
759	760	1
759	770	2
760	761	1
761	762	1
762	763	1
762	771	2
764	765	1
764	214	0
765	766	1
765	1120	0
766	767	1
766	1140	0
767	768	1
767	1202	0
768	769	1
768	692	0
769	770	1
769	787	0
770	771	1
770	884	0
771	1366	0
772	773	1
773	774	1
773	781	2
774	775	1
775	776	1
777	778	1
777	443	0
778	779	1
778	862	0
779	780	1
779	882	0
780	781	1
780	1356	0
781	782	1
781	190	0
782	564	0
783	784	1
783	791	2
784	785	1
785	786	1
786	787	1
788	789	1
788	577	0
789	790	1
789	1318	0
790	791	1
790	981	0
791	1215	0
792	793	1
792	799	2
793	794	1
794	795	1
795	796	1
796	797	1
796	803	2
798	799	1
798	819	0
799	800	1
799	351	0
800	801	1
800	444	0
801	802	1
801	978	0
802	803	1
802	216	0
803	285	0
804	805	1
804	812	2
805	806	1
806	807	1
808	809	1
808	1009	0
809	810	1
809	1330	0
810	811	1
810	529	0
811	812	1
811	51	0
812	996	0
813	814	1
813	824	2
814	815	1
815	816	1
816	817	1
816	826	2
817	818	1
818	819	1
819	820	1
821	822	1
821	176	0
822	823	1
822	742	0
822	1052	0
823	824	1
823	1287	0
824	825	1
824	2	0
825	826	1
825	631	0
826	709	0
827	828	1
827	840	2
828	829	1
828	842	2
829	830	1
830	831	1
831	832	1
831	844	2
832	833	1
833	834	1
834	835	1
835	836	1
837	838	1
837	35	0
838	839	1
838	794	0
839	840	1
839	1301	0
840	841	1
840	519	0
841	842	1
841	117	0
842	843	1
842	995	0
843	844	1
843	370	0
844	845	1
844	579	0
845	1216	0
846	847	1
847	848	1
847	861	2
848	849	1
849	850	1
850	851	1
852	853	1
852	0	0
853	854	1
853	829	0
854	855	1
854	625	0
855	856	1
855	680	0
856	857	1
856	759	0
857	858	1
857	295	0
858	859	1
858	1056	0
859	860	1
859	1364	0
860	861	1
860	1295	0
861	649	0
862	863	1
863	864	1
863	876	2
864	865	1
864	877	2
865	866	1
865	879	2
866	867	1
867	868	1
868	869	1
868	880	2
869	870	1
870	871	1
872	873	1
872	968	0
873	874	1
873	665	0
874	875	1
874	863	0
875	876	1
875	976	0
876	877	1
876	1103	0
877	878	1
877	34	0
878	879	1
878	480	0
879	880	1
879	1072	0
880	104	0
881	882	1
881	890	2
882	883	1
882	891	2
883	884	1
884	885	1
886	887	1
886	170	0
887	888	1
887	1268	0
888	889	1
888	1069	0
889	890	1
889	239	0
890	891	1
890	69	0
891	1139	0
892	893	1
892	898	2
893	894	1
894	895	1
896	897	1
896	478	0
897	898	1
897	967	0
898	899	1
898	814	0
899	900	1
899	784	0
900	546	0
901	902	1
901	909	2
902	903	1
903	904	1
903	910	2
904	905	1
905	906	1
905	911	2
906	907	1
908	909	1
908	705	0
909	910	1
909	1167	0
910	911	1
910	366	0
911	488	0
912	913	1
912	921	2
913	914	1
914	915	1
915	916	1
916	917	1
916	928	2
917	918	1
919	920	1
919	1189	0
920	921	1
920	49	0
921	922	1
921	590	0
922	923	1
922	1118	0
923	924	1
923	663	0
924	925	1
924	341	0
925	926	1
925	866	0
926	927	1
926	208	0
927	928	1
927	465	0
928	818	0
929	930	1
930	931	1
930	936	2
931	932	1
931	938	2
932	933	1
934	935	1
934	397	0
935	936	1
935	155	0
936	937	1
936	484	0
937	938	1
937	850	0
938	81	0
939	940	1
939	944	2
940	941	1
941	942	1
943	944	1
943	562	0
944	945	1
944	338	0
945	946	1
945	32	0
946	947	1
946	1183	0
947	948	1
947	952	0
948	1267	0
949	950	1
950	951	1
951	952	1
951	963	2
952	953	1
953	954	1
953	966	2
954	955	1
955	956	1
957	958	1
957	427	0
958	959	1
958	773	0
959	960	1
959	760	0
960	961	1
960	143	0
961	962	1
961	643	0
962	963	1
962	1214	0
963	964	1
963	749	0
964	965	1
964	118	0
965	966	1
965	1305	0
966	722	0
967	968	1
967	973	2
968	969	1
970	971	1
970	204	0
971	972	1
971	1231	0
972	973	1
972	980	0
973	974	1
973	678	0
974	975	1
974	19	0
975	893	0
976	977	1
977	978	1
977	988	2
978	979	1
978	989	2
979	980	1
979	991	2
980	981	1
981	982	1
983	984	1
983	320	0
984	985	1
984	218	0
985	986	1
985	977	0
986	987	1
986	1254	0
987	988	1
987	1080	0
988	989	1
988	511	0
989	990	1
989	581	0
990	991	1
990	447	0
991	992	1
991	282	0
992	998	0
993	994	1
993	1001	2
994	995	1
995	996	1
996	997	1
996	1007	2
997	998	1
998	999	1
1000	1001	1
1000	939	0
1001	1002	1
1001	268	0
1002	1003	1
1002	498	0
1003	1004	1
1003	31	0
1004	1005	1
1004	431	0
1005	1006	1
1005	1040	0
1006	1007	1
1006	129	0
1007	1308	0
1008	1009	1
1008	1022	2
1009	1010	1
1010	1011	1
1011	1012	1
1012	1013	1
1013	1014	1
1014	1015	1
1015	1016	1
1016	1017	1
1016	1024	2
1017	1018	1
1018	1019	1
1020	1021	1
1020	442	0
1021	1022	1
1021	792	0
1022	1023	1
1022	1152	0
1023	1024	1
1023	1203	0
1024	933	0
1025	1026	1
1025	1032	2
1026	1027	1
1026	1035	2
1027	1028	1
1028	1029	1
1028	1037	2
1030	1031	1
1030	1229	0
1031	1032	1
1031	1	0
1032	1033	1
1032	641	0
1033	1034	1
1033	1217	0
1034	1035	1
1034	542	0
1035	1036	1
1035	1337	0
1036	1037	1
1036	382	0
1037	668	0
1038	1039	1
1038	1047	2
1039	1040	1
1039	1050	2
1040	1041	1
1040	1051	2
1042	1043	1
1042	279	0
1043	1044	1
1043	132	0
1044	1045	1
1044	624	0
1045	1046	1
1045	1377	0
1046	1047	1
1046	1352	0
1047	1048	1
1047	206	0
1048	1049	1
1048	389	0
1049	1050	1
1049	82	0
1050	1051	1
1050	1333	0
1051	707	0
1052	1053	1
1052	1062	2
1053	1054	1
1053	1063	2
1054	1055	1
1054	1064	2
1055	1056	1
1056	1057	1
1057	1058	1
1059	1060	1
1059	1293	0
1060	1061	1
1060	501	0
1061	1062	1
1061	323	0
1062	1063	1
1062	1246	0
1063	1064	1
1063	36	0
1064	1121	0
1065	1066	1
1066	1067	1
1066	1076	2
1067	1068	1
1068	1069	1
1069	1070	1
1070	1071	1
1071	1072	1
1073	1074	1
1073	548	0
1074	1075	1
1074	575	0
1075	1076	1
1075	119	0
1076	836	0
1077	1078	1
1077	1088	2
1078	1079	1
1078	1089	2
1079	1080	1
1079	1091	2
1080	1081	1
1080	1092	2
1081	1082	1
1082	1083	1
1083	1084	1
1085	1086	1
1085	464	0
1086	1087	1
1086	814	0
1087	1088	1
1087	337	0
1088	1089	1
1088	892	0
1089	1090	1
1089	745	0
1090	1091	1
1090	207	0
1091	1092	1
1091	696	0
1092	1017	0
1093	1094	1
1093	1098	2
1094	1095	1
1094	1099	2
1095	1096	1
1095	1101	2
1097	1098	1
1097	676	0
1098	1099	1
1098	1132	0
1099	1100	1
1099	940	0
1100	1101	1
1100	328	0
1101	228	0
1102	1103	1
1103	1104	1
1104	1105	1
1105	1106	1
1105	1117	2
1106	1107	1
1107	1108	1
1109	1110	1
1109	35	0
1110	1111	1
1110	929	0
1111	1112	1
1111	85	0
1112	1113	1
1112	226	0
1113	1114	1
1113	414	0
1114	1115	1
1114	1165	0
1115	1116	1
1115	499	0
1116	1117	1
1116	708	0
1117	833	0
1118	1119	1
1118	1125	2
1119	1120	1
1119	1126	2
1120	1121	1
1121	1122	1
1121	1129	2
1122	1123	1
1123	1124	1
1125	1126	1
1125	157	0
1126	1127	1
1126	240	0
1127	1128	1
1127	744	0
1128	1129	1
1128	83	0
1129	7	0
1130	1131	1
1130	1143	2
1131	1132	1
1132	1133	1
1132	1144	2
1133	1134	1
1133	1146	2
1134	1135	1
1135	1136	1
1136	1137	1
1137	1138	1
1138	1139	1
1139	1140	1
1141	1142	1
1141	145	0
1142	1143	1
1142	1038	0
1143	1144	1
1143	449	0
1144	1145	1
1144	1264	0
1145	1146	1
1145	512	0
1146	1147	1
1146	229	0
1147	1148	1
1147	159	0
1148	5	0
1149	1150	1
1150	1151	1
1150	1157	2
1151	1152	1
1152	1153	1
1153	1154	1
1153	1163	2
1155	1156	1
1155	481	0
1156	1157	1
1156	1136	0
1157	1158	1
1157	528	0
1158	1159	1
1158	197	0
1159	1160	1
1159	1185	0
1160	1161	1
1160	466	0
1161	1162	1
1161	578	0
1162	1163	1
1162	941	0
1163	807	0
1164	1165	1
1164	1176	2
1165	1166	1
1165	1177	2
1166	1167	1
1166	1178	2
1167	1168	1
1168	1169	1
1168	1180	2
1169	1170	1
1170	1171	1
1172	1173	1
1172	463	0
1173	1174	1
1173	20	0
1174	1175	1
1174	50	0
1175	1176	1
1175	310	0
1176	1177	1
1176	352	0
1177	1178	1
1177	736	0
1178	1179	1
1178	718	0
1179	1180	1
1179	694	0
1180	1108	0
1181	1182	1
1182	1183	1
1183	1184	1
1183	1198	2
1184	1185	1
1185	1186	1
1185	1200	2
1186	1187	1
1187	1188	1
1188	1189	1
1188	1201	2
1189	1190	1
1190	1191	1
1191	1192	1
1193	1194	1
1193	510	0
1194	1195	1
1194	675	0
1195	1196	1
1195	762	0
1196	1197	1
1196	864	0
1197	1198	1
1197	270	0
1198	1199	1
1198	629	0
1199	1200	1
1199	326	0
1200	1201	1
1200	1243	0
1201	353	0
1202	1203	1
1203	1204	1
1203	1209	2
1204	1205	1
1205	1206	1
1207	1208	1
1207	630	0
1208	1209	1
1208	1388	0
1209	1210	1
1209	895	0
1210	98	0
1211	1212	1
1211	1223	2
1212	1213	1
1212	1226	2
1213	1214	1
1214	1215	1
1215	1216	1
1215	1227	2
1216	1217	1
1217	1218	1
1218	1219	1
1220	1221	1
1220	918	0
1221	1222	1
1221	198	0
1222	1223	1
1222	640	0
1223	1224	1
1223	64	0
1224	1225	1
1224	1104	0
1225	1226	1
1225	286	0
1226	1227	1
1226	38	0
1227	517	0
1228	1229	1
1228	1240	2
1229	1230	1
1230	1231	1
1231	1232	1
1232	1241	2
1233	1234	1
1233	746	0
1234	1235	1
1234	600	0
1235	1236	1
1235	1054	0
1236	1237	1
1236	1303	0
1237	1238	1
1237	432	0
1238	1239	1
1238	719	0
1239	1240	1
1239	1294	0
1240	1241	1
1240	147	0
1241	871	0
1242	1243	1
1243	1244	1
1244	1245	1
1245	1246	1
1246	1247	1
1248	1249	1
1248	1077	0
1249	1250	1
1249	267	0
1250	1251	1
1250	661	0
1251	1252	1
1251	1068	0
1252	1253	1
1252	37	0
1253	1153	0
1254	1255	1
1254	1258	2
1255	1256	1
1255	1260	2
1256	1257	1
1256	1261	2
1258	1259	1
1258	1066	0
1259	1260	1
1259	483	0
1260	1261	1
1260	1218	0
1261	999	0
1262	1263	1
1262	1273	2
1263	1264	1
1264	1265	1
1264	1274	2
1265	1266	1
1266	1267	1
1267	1268	1
1268	1269	1
1269	1270	1
1269	1276	2
1271	1272	1
1271	1266	0
1272	1273	1
1272	737	0
1273	1274	1
1273	867	0
1274	1275	1
1274	101	0
1275	1276	1
1275	219	0
1276	1041	0
1277	1278	1
1278	1279	1
1278	1286	2
1280	1281	1
1280	1302	0
1281	1282	1
1281	598	0
1282	1283	1
1282	530	0
1283	1284	1
1283	509	0
1284	1285	1
1284	956	0
1285	1286	1
1285	851	0
1286	1376	0
1287	1288	1
1288	1289	1
1289	1290	1
1289	1298	2
1290	1291	1
1291	1292	1
1292	1293	1
1292	1299	2
1293	1294	1
1294	1295	1
1296	1297	1
1296	1008	0
1297	1298	1
1297	979	0
1298	1299	1
1298	280	0
1299	1300	1
1299	669	0
1300	883	0
1301	1302	1
1302	1303	1
1302	1312	2
1303	1304	1
1304	1305	1
1305	1306	1
1306	1307	1
1307	1308	1
1309	1310	1
1309	1265	0
1310	1311	1
1310	384	0
1311	1312	1
1311	23	0
1312	1313	1
1312	127	0
1313	8	0
1314	1315	1
1315	1316	1
1316	1317	1
1317	1318	1
1318	1319	1
1319	1320	1
1321	1322	1
1321	820	0
1322	1323	1
1322	1363	0
1323	1324	1
1323	621	0
1324	1325	1
1324	953	0
1325	1326	1
1325	298	0
1326	1327	1
1326	67	0
1327	1328	1
1327	469	0
1328	287	0
1329	1330	1
1330	1331	1
1331	1332	1
1331	1342	2
1332	1333	1
1333	1334	1
1334	1335	1
1335	1336	1
1336	1337	1
1338	1339	1
1338	416	0
1339	1340	1
1339	191	0
1340	1341	1
1340	1307	0
1341	1342	1
1341	793	0
1342	399	0
1343	1344	1
1343	982	0
1344	1345	1
1344	97	0
1345	1346	1
1345	1065	0
1346	1347	1
1346	227	0
1347	1348	1
1347	1095	0
1348	1349	1
1348	1019	0
1349	1350	1
1349	1374	0
1350	417	0
1351	1352	1
1351	1360	2
1352	1353	1
1352	1361	2
1353	1354	1
1354	1355	1
1355	1356	1
1356	1357	1
1358	1359	1
1358	561	0
1359	1360	1
1359	804	0
1360	1361	1
1360	1334	0
1361	1362	1
1361	1357	0
1362	1306	0
1363	1364	1
1364	1365	1
1365	1366	1
1367	1368	1
1367	9	0
1368	1369	1
1368	1028	0
1369	1370	1
1369	1134	0
1370	1371	1
1370	1270	0
1371	387	0
1372	1373	1
1372	1382	2
1373	1374	1
1374	1375	1
1375	1376	1
1376	1377	1
1378	1379	1
1378	321	0
1379	1380	1
1379	1187	0
1380	1381	1
1380	202	0
1381	1382	1
1381	388	0
1382	1383	1
1382	308	0
1383	1384	1
1383	1278	0
1384	296	0
1385	1386	1
1386	1387	1
1387	1388	1
1387	1392	2
1388	1389	1
1388	1393	2
1390	1391	1
1390	318	0
1391	1392	1
1391	62	0
1392	1393	1
1392	667	0
1393	403	0
