100
0	7	0	148	919	19	169	943	26	41	679	27	462	898	44	406	952	78	473	523	96	719	769
1	6	5	126	889	9	470	476	11	172	461	55	133	952	59	670	889	72	220	892
2	9	12	317	477	17	194	722	24	14	518	41	424	883	42	152	588	44	536	863	77	199	406	83	159	252	87	135	665
3	9	20	50	140	27	382	737	33	112	765	37	120	346	46	725	870	84	579	805	89	208	402	93	762	936	94	763	798
4	7	0	647	787	11	320	379	33	807	892	40	431	833	53	259	817	72	310	760	86	289	559
5	10	3	95	312	4	206	236	29	198	629	30	236	681	44	617	919	45	571	660	71	104	409	81	10	169	83	123	316	88	129	555
6	6	0	138	786	30	266	470	42	876	946	71	556	659	72	218	391	93	253	860
7	6	19	711	988	20	676	850	50	203	437	81	78	676	90	309	466	91	470	717
8	10	1	49	157	6	592	776	28	402	823	35	855	938	37	344	521	54	688	901	61	191	718	78	528	708	85	289	304	97	278	949
9	6	13	50	609	38	886	934	45	117	492	47	164	241	63	841	912	76	28	435
10	4	14	227	641	37	529	627	52	104	670	63	661	832
11	4	21	113	795	34	831	959	45	303	462	80	579	780
12	5	23	734	745	33	448	889	46	542	809	67	385	414	76	105	778
13	5	6	434	915	59	540	806	82	301	998	84	802	951	89	587	876
14	4	14	114	517	43	1	433	58	224	947	94	676	689
15	6	12	336	529	23	187	386	35	18	821	44	59	713	82	194	422	91	244	551
16	6	12	19	875	15	388	827	17	261	411	32	238	251	43	436	694	50	559	774
17	10	10	272	373	26	164	637	45	223	780	54	148	909	75	759	837	82	608	995	88	351	808	91	510	675	98	613	846	99	833	883
18	10	18	157	437	20	194	938	40	503	640	50	18	804	60	407	965	61	628	964	71	49	301	81	79	925	85	803	828	87	320	764
19	5	14	229	675	33	122	242	50	462	499	52	161	954	87	373	983
20	4	7	229	748	15	620	659	62	738	890	71	153	593
21	9	37	597	878	43	690	777	45	444	551	64	282	825	76	282	764	80	514	754	82	282	596	93	611	950	96	342	827
22	7	4	214	649	27	175	485	28	120	310	43	449	749	51	222	462	57	504	788	82	493	836
23	6	16	67	869	22	398	711	36	64	453	71	259	979	81	7	146	83	219	660
24	8	5	215	904	30	242	580	44	57	527	59	387	702	63	24	471	64	220	494	75	367	502	83	645	792
25	10	2	140	645	14	191	438	17	396	478	31	531	980	43	173	491	49	43	803	83	268	565	90	598	996	93	448	999	94	21	535
26	10	11	10	913	30	292	505	42	68	961	45	97	113	58	346	385	63	25	97	71	14	584	74	668	839	76	550	918	80	136	140
27	7	23	203	991	31	435	465	55	542	761	64	80	746	74	183	297	77	288	762	91	465	483
28	10	5	348	648	23	78	162	33	781	865	53	608	913	54	155	483	63	27	277	65	202	211	67	214	791	94	433	497	98	135	371
29	9	5	41	281	12	254	813	40	159	564	55	598	707	67	198	779	74	333	616	80	164	533	88	316	436	89	172	450
30	7	14	102	996	20	863	872	24	539	645	31	300	570	58	108	661	63	117	215	79	362	832
31	10	3	585	916	6	144	868	7	435	724	22	456	470	30	168	650	34	219	735	48	579	641	56	23	835	64	7	103	72	271	538
32	8	26	147	556	37	456	796	38	155	156	44	495	858	57	136	635	59	26	468	79	84	827	86	368	482
33	9	5	361	468	12	129	215	13	125	330	14	555	748	56	177	807	63	453	793	71	282	512	76	790	922	85	954	994
34	6	8	877	880	32	755	759	45	643	864	51	498	863	60	333	786	79	636	790
35	7	2	171	523	5	25	468	37	417	588	39	14	320	58	556	921	84	841	859	85	428	688
36	10	7	60	591	9	186	327	10	513	515	23	373	552	28	278	715	42	103	922	47	346	593	49	714	923	87	178	797	91	231	517
37	10	25	487	971	35	23	696	49	533	730	50	836	959	53	657	929	57	242	685	66	155	939	78	676	895	82	16	265	86	570	916
38	9	5	56	279	11	80	577	31	643	906	35	545	757	53	62	532	64	357	570	77	175	191	79	335	358	98	599	875
39	5	10	809	901	19	140	815	60	263	547	78	399	833	99	155	356
40	6	7	232	286	21	367	839	40	812	908	57	217	234	65	408	410	70	493	624
41	6	1	736	828	7	639	656	58	51	301	67	126	332	76	366	557	93	196	984
42	7	24	40	212	25	225	321	44	321	888	49	68	198	58	285	889	70	131	253	80	135	248
43	8	8	609	901	17	403	958	35	377	647	60	397	960	71	34	641	82	110	318	83	223	418	96	411	775
44	5	31	767	962	38	181	310	48	191	435	70	225	853	94	8	853
45	5	6	775	851	8	14	700	74	8	953	96	190	434	99	617	677
46	10	1	221	622	7	51	174	8	114	198	12	225	818	41	251	526	58	388	564	80	299	768	83	137	917	93	621	842	99	640	646
47	6	4	205	601	10	691	792	20	104	749	21	102	856	39	346	758	65	479	505
48	7	1	753	863	18	460	513	21	849	986	27	409	904	42	524	715	67	279	351	75	627	678
49	7	10	630	919	18	327	827	25	96	985	28	714	769	64	237	632	68	529	939	92	724	764
50	4	24	151	158	32	343	914	45	83	261	48	10	821
51	9	4	617	792	12	53	766	17	705	858	21	679	869	41	693	706	47	100	928	51	239	798	73	442	467	83	153	951
52	8	15	15	487	47	174	331	54	177	991	61	630	946	79	19	721	80	33	934	84	79	409	97	723	964
53	6	13	556	748	31	80	240	38	582	805	60	146	206	61	212	766	96	330	851
54	4	39	88	479	69	427	896	85	680	879	93	157	979
55	6	15	448	804	20	877	894	25	184	438	31	283	423	57	53	863	69	364	416
56	5	3	410	901	36	239	722	70	606	749	71	107	240	94	121	517
57	7	0	443	586	12	38	217	43	553	967	48	757	968	51	141	282	74	141	146	91	172	355
58	9	2	7	726	7	353	814	26	498	972	35	330	972	39	689	713	55	74	554	70	424	654	85	748	908	92	110	358
59	10	0	50	322	21	316	856	43	142	676	44	725	932	46	159	944	52	216	560	58	91	501	74	371	778	91	436	917	97	430	843
60	9	2	489	665	6	958	992	33	520	547	45	162	835	60	174	324	68	128	722	69	205	231	75	563	978	78	342	525
61	6	4	747	937	11	386	964	17	594	661	75	585	669	80	810	833	89	570	871
62	5	33	7	162	37	644	767	54	602	764	57	532	583	68	332	348
63	4	26	412	530	33	824	937	48	40	814	82	102	578
64	10	3	44	389	14	405	968	24	378	973	32	435	583	40	184	868	45	345	665	57	774	820	60	385	634	79	213	327	83	4	744
65	5	5	442	685	10	129	506	28	2	279	33	248	854	59	384	942
66	6	2	277	550	24	270	362	38	85	279	67	407	716	83	283	406	89	412	776
67	10	7	661	834	9	231	317	30	27	313	44	260	583	49	733	863	51	466	996	52	179	661	53	36	542	85	321	874	92	677	780
68	6	1	574	712	14	190	708	46	425	845	62	600	780	69	298	769	86	256	889
69	10	15	67	894	20	631	827	23	23	176	31	598	810	35	399	402	39	426	943	69	99	398	70	712	904	76	119	640	88	103	188
70	8	2	449	528	8	591	862	19	253	722	30	483	618	34	340	458	66	10	165	73	524	894	92	773	971
71	5	31	5	179	55	123	167	65	724	795	81	157	715	84	168	488
72	8	0	372	414	27	681	715	37	484	511	44	392	480	45	835	964	85	443	975	86	213	528	94	578	986
73	10	5	381	737	8	65	920	14	330	820	20	25	349	27	364	999	43	157	558	48	918	948	94	659	700	96	222	501	98	209	967
74	6	2	315	875	23	133	424	34	27	954	79	531	733	87	175	926	91	1	772
75	4	7	264	990	37	38	822	39	90	271	58	323	978
76	8	14	541	859	24	68	257	32	15	301	47	590	932	51	540	687	57	18	583	62	265	450	71	644	895
77	5	16	691	803	23	535	998	46	49	491	66	472	551	80	206	272
78	9	2	11	726	5	64	890	16	109	673	29	112	314	34	138	710	48	176	960	58	746	920	65	34	148	82	118	318
79	5	0	754	975	5	401	751	10	344	714	17	359	708	51	388	478
80	8	0	713	801	9	3	400	10	633	892	16	561	815	31	174	933	35	447	629	73	75	273	89	377	486
81	9	14	203	318	32	406	703	33	89	602	36	195	710	39	637	712	56	897	950	66	642	866	80	108	765	83	382	425
82	9	1	134	733	3	218	622	22	242	976	25	316	449	32	74	267	47	526	779	49	434	510	50	390	972	78	683	984
83	9	19	221	846	23	412	792	25	684	814	35	81	395	43	407	883	46	106	124	52	144	694	60	153	351	87	516	715
84	4	6	630	676	43	1	965	62	551	975	99	374	858
85	8	2	702	924	4	324	558	14	161	348	20	547	896	35	901	919	44	280	443	64	96	864	78	489	606
86	9	9	521	910	30	273	622	41	130	537	49	287	540	51	81	779	60	958	995	74	167	353	91	321	833	92	256	644
87	6	2	481	888	19	99	628	45	265	567	75	341	625	76	75	97	81	530	810
88	4	33	322	786	70	732	935	75	209	311	85	554	990
89	6	6	499	856	15	519	968	50	219	984	60	442	781	73	884	944	89	118	569
90	7	35	278	364	36	211	874	41	206	300	59	411	958	67	362	839	92	99	364	98	917	927
91	5	20	518	558	45	726	969	61	757	879	69	96	626	71	15	150
92	5	0	536	984	1	338	894	8	375	436	27	261	765	89	37	525
93	8	4	451	657	20	799	924	21	382	915	32	596	927	43	212	360	57	160	914	67	230	731	97	182	737
94	5	13	101	928	28	560	618	29	13	733	55	475	509	92	136	932
95	8	6	198	649	16	296	707	29	834	932	69	7	981	71	624	984	75	200	289	77	393	545	98	805	869
96	5	38	116	198	56	310	528	92	754	847	94	465	759	96	695	865
97	5	0	19	989	27	531	931	72	79	813	80	258	719	89	529	987
98	7	14	181	653	21	651	861	22	491	515	23	12	232	27	205	992	83	28	650	90	582	787
99	4	4	155	226	23	11	31	28	871	913	45	849	900
